2.754228703338166273e+00 2.121493545825655497e-02 1.456534773297793739e-01
2.750042080409826006e+00 2.123127716775331450e-02 1.457095644347113916e-01
2.745861821445204409e+00 2.139945923591389521e-02 1.462855400780059822e-01
2.741687916770627176e+00 2.138248652320001372e-02 1.462275162997717648e-01
2.737520356727122017e+00 2.172688291975424096e-02 1.474004169592278979e-01
2.733359131670399567e+00 2.148134201175548597e-02 1.465651459650468280e-01
2.729204231970832062e+00 2.141879814035311386e-02 1.463516250007259600e-01
2.725055648013425813e+00 2.153658688723945891e-02 1.467534902046266909e-01
2.720913370197807435e+00 2.151557503197262800e-02 1.466818837892826799e-01
2.716777388938192761e+00 2.166590255189860398e-02 1.471934188471026861e-01
2.712647694663369968e+00 2.166231206699110318e-02 1.471812218558845309e-01
2.708524277816677817e+00 2.159402526680283957e-02 1.469490567060668107e-01
2.704407128855978559e+00 2.171724010957126402e-02 1.473677037534726064e-01
2.700296238253642400e+00 2.156312192142205431e-02 1.468438691993031453e-01
2.696191596496520848e+00 2.188426452066306177e-02 1.479333110582706501e-01
2.692093194085924956e+00 2.175417315142182811e-02 1.474929596673069387e-01
2.688001021537606672e+00 2.163365136623580931e-02 1.470838242847792299e-01
2.683915069381732632e+00 2.156667261240740457e-02 1.468559587228499275e-01
2.679835328162866848e+00 2.151484126882870912e-02 1.466793825622016711e-01
2.675761788439943167e+00 2.147104179109770791e-02 1.465300030406664067e-01
2.671694440786247959e+00 2.156113741599846936e-02 1.468371118484644855e-01
2.667633275789397906e+00 2.135429825930143521e-02 1.461310995623499587e-01
2.663578284051315581e+00 2.128458552519770300e-02 1.458923765150108853e-01
2.659529456188210350e+00 2.109769463301790909e-02 1.452504548461653056e-01
2.655486782830554837e+00 2.129709007029195397e-02 1.459352255978382806e-01
2.651450254623063607e+00 2.073097464060593212e-02 1.439825497781100361e-01
2.647419862224674514e+00 2.056343034241467360e-02 1.433995479156565389e-01
2.643395596308520279e+00 2.097573952310293269e-02 1.448300366743823231e-01
2.639377447561916057e+00 2.070732238010963497e-02 1.439003904793507982e-01
2.635365406686328793e+00 2.061984542737211115e-02 1.435961191236452272e-01
2.631359464397361236e+00 2.077799546895895549e-02 1.441457438461467566e-01
2.627359611424730179e+00 2.055735442883808300e-02 1.433783610899430072e-01
2.623365838512242920e+00 2.051909313356292675e-02 1.432448712295240623e-01
2.619378136417775949e+00 2.082472967829351179e-02 1.443077602843780283e-01
2.615396495913256292e+00 2.065092705487464944e-02 1.437043042322485586e-01
2.611420907784637091e+00 2.057526288465972783e-02 1.434407992332018822e-01
2.607451362831878061e+00 2.067796536886808839e-02 1.437983496736596478e-01
2.603487851868923286e+00 2.058029298035647658e-02 1.434583318610546110e-01
2.599530365723679903e+00 2.088647324185345655e-02 1.445215321045741630e-01
2.595578895237998562e+00 2.077951663364242113e-02 1.441510202310147537e-01
2.591633431267649446e+00 2.053834411208848090e-02 1.433120515242471971e-01
2.587693964682304060e+00 2.055531301677857720e-02 1.433712419447449038e-01
2.583760486365511699e+00 2.089633375691804865e-02 1.445556424250470096e-01
2.579832987214679019e+00 2.047977041817793456e-02 1.431075484318627133e-01
2.575911458141050492e+00 2.098734472616701346e-02 1.448700960383716152e-01
2.571995890069684432e+00 2.055897922631572811e-02 1.433840270961717900e-01
2.568086273939436115e+00 2.069090406420381542e-02 1.438433316640149728e-01
2.564182600702932024e+00 2.076124194533490383e-02 1.440876189869723101e-01
2.560284861326552086e+00 2.072739502226064387e-02 1.439701185047113918e-01
2.556393046790409240e+00 2.060043436944861833e-02 1.435285141337727943e-01
2.552507148088325017e+00 2.058093639011261342e-02 1.434605743405226175e-01
2.548627156227813106e+00 2.073766249260356950e-02 1.440057724280647267e-01
2.544753062230054930e+00 2.077334121478146070e-02 1.441295986769596804e-01
2.540884857129880547e+00 2.068878643884135976e-02 1.438359706013810635e-01
2.537022531975749118e+00 2.074617152580670448e-02 1.440353134679364100e-01
2.533166077829724472e+00 2.040148989950424721e-02 1.428337841671369068e-01
2.529315485767459126e+00 2.077466977316181143e-02 1.441342075052338689e-01
2.525470746878169859e+00 2.072137970018151851e-02 1.439492261187308997e-01
2.521631852264617724e+00 2.028766402968601792e-02 1.424347711399362448e-01
2.517798793043090289e+00 2.056038285934382731e-02 1.433889216757829876e-01
2.513971560343377210e+00 2.071382162819100994e-02 1.439229711623235264e-01
2.510150145308752911e+00 2.072769181171254388e-02 1.439711492338397181e-01
2.506334539095953495e+00 2.057718100838751285e-02 1.434474851936677064e-01
2.502524732875157198e+00 2.056875625161225934e-02 1.434181168876940138e-01
2.498720717829966631e+00 2.047325192009909200e-02 1.430847717966488852e-01
2.494922485157382130e+00 2.041112631617434531e-02 1.428675131587806013e-01
2.491130026067789327e+00 2.061741417716696223e-02 1.435876532894349022e-01
2.487343331784931166e+00 2.043475069223949642e-02 1.429501685631727192e-01
2.483562393545893254e+00 2.036492457624406935e-02 1.427057272019734702e-01
2.479787202601080764e+00 2.066129477473305220e-02 1.437403728071311726e-01
2.476017750214199342e+00 2.048040077455336172e-02 1.431097508018002173e-01
2.472254027662232900e+00 2.028599187142698587e-02 1.424289011100871583e-01
2.468496026235427632e+00 2.037900247383833685e-02 1.427550436021030322e-01
2.464743737237265808e+00 2.037408107356187756e-02 1.427378053409883440e-01
2.460997151984452458e+00 2.051585543224487135e-02 1.432335695018624733e-01
2.457256261806889608e+00 2.024411050602107492e-02 1.422817996302446208e-01
2.453521058047658521e+00 2.041929763384138508e-02 1.428961078330735490e-01
2.449791532063001043e+00 2.016198040219436063e-02 1.419928885620486414e-01
2.446067675222296067e+00 2.040805763324168506e-02 1.428567731444389255e-01
2.442349478908043992e+00 2.030822972181332842e-02 1.425069462230291739e-01
2.438636934515842736e+00 2.020574137798610004e-02 1.421469006977855165e-01
2.434930033454369536e+00 2.021200466614159891e-02 1.421689300309374737e-01
2.431228767145362735e+00 2.028273038723698435e-02 1.424174511330580650e-01
2.427533127023597359e+00 2.035852094123886957e-02 1.426832889347553202e-01
2.423843104536871351e+00 2.026335157287506572e-02 1.423493996224608760e-01
2.420158691145980701e+00 2.027100593731862022e-02 1.423762829172001421e-01
2.416479878324701236e+00 2.022895535387028015e-02 1.422285321370866107e-01
2.412806657559771306e+00 2.039298689783464527e-02 1.428040156922579240e-01
2.409139020350867355e+00 2.035670203631404288e-02 1.426769148682226207e-01
2.405476958210589267e+00 2.021632038967562106e-02 1.421841073737695194e-01
2.401820462664437272e+00 2.021029546158715356e-02 1.421629187291368057e-01
2.398169525250792411e+00 2.024060536202557450e-02 1.422694814850520850e-01
2.394524137520901874e+00 2.020775472061666841e-02 1.421539824296761123e-01
2.390884291038849252e+00 2.016408658667778742e-02 1.420003048823409719e-01
2.387249977381548760e+00 2.023987809950119829e-02 1.422669255290954782e-01
2.383621188138711489e+00 2.028691209733199732e-02 1.424321315480885364e-01
2.379997914912836521e+00 2.015623812423920566e-02 1.419726668209032594e-01
2.376380149319187396e+00 2.022812158768854535e-02 1.422256010276931326e-01
2.372767882985771681e+00 2.022182032421239103e-02 1.422034469491242348e-01
2.369161107553325429e+00 2.018460207263316625e-02 1.420725239890991975e-01
2.365559814675288752e+00 2.019496561294276127e-02 1.421089920200082346e-01
2.361963996017790279e+00 2.021427721909985903e-02 1.421769222451374493e-01
2.358373643259626729e+00 2.013643007125121356e-02 1.419028895803436940e-01
2.354788748092243367e+00 2.011315057948897742e-02 1.418208397221260852e-01
2.351209302219714470e+00 2.016831409972816291e-02 1.420151896795837920e-01
2.347635297358727335e+00 2.016932228916797076e-02 1.420187392183439035e-01
2.344066725238556970e+00 2.020087812619080977e-02 1.421297932391052676e-01
2.340503577601053209e+00 2.021527325805771644e-02 1.421804250171510575e-01
2.336945846200617183e+00 2.012006153778998427e-02 1.418452027309700103e-01
2.333393522804183995e+00 2.008276267883755961e-02 1.417136644040988824e-01
2.329846599191205403e+00 2.014010607715168918e-02 1.419158415299422715e-01
2.326305067153625838e+00 2.011793854016832861e-02 1.418377190318863279e-01
2.322768918495870860e+00 2.018093776387996224e-02 1.420596274945135906e-01
2.319238145034819620e+00 2.013941709435073529e-02 1.419134140747474737e-01
2.315712738599791987e+00 2.015580912066306657e-02 1.419711559460690720e-01
2.312192691032528113e+00 2.019315626488541598e-02 1.421026258198117009e-01
2.308677994187168903e+00 2.015710400397300109e-02 1.419757162474379053e-01
2.305168639930238683e+00 2.013793781327800902e-02 1.419082020648489706e-01
2.301664620140623008e+00 2.017284719328255038e-02 1.420311486726857086e-01
2.298165926709553997e+00 2.021213287956909188e-02 1.421693809495177263e-01
2.294672551540588135e+00 2.010544362880027636e-02 1.417936656864483280e-01
2.291184486549589838e+00 2.008429452486866842e-02 1.417190690234333694e-01
2.287701723664713693e+00 2.015662537157068834e-02 1.419740306238105321e-01
2.284224254826381362e+00 2.009668463751444062e-02 1.417627759234222906e-01
2.280752071987265595e+00 2.014652290224286380e-02 1.419384475828972259e-01
2.277285167112275133e+00 2.010652436195248943e-02 1.417974765711734753e-01
2.273823532178528062e+00 2.010617313382552507e-02 1.417962380806540579e-01
2.270367159175341598e+00 2.008283253549555253e-02 1.417139108750286036e-01
2.266916040104207219e+00 2.006310198421835944e-02 1.416442797440770618e-01
2.263470166978775566e+00 2.013879524906035667e-02 1.419112231257991796e-01
2.260029531824838678e+00 2.010264210762237325e-02 1.417837864765304212e-01
2.256594126680305568e+00 2.004979081996521861e-02 1.415972839427551144e-01
2.253163943595194674e+00 2.005779299477714397e-02 1.416255379328782704e-01
2.249738974631603217e+00 2.003941715813161578e-02 1.415606483389067194e-01
2.246319211863696541e+00 2.013343934847369038e-02 1.418923512683953336e-01
2.242904647377689020e+00 2.007156737649024719e-02 1.416741591698720826e-01
2.239495273271822740e+00 2.003552214802961640e-02 1.415468902803223572e-01
2.236091081656352397e+00 2.003775344759011617e-02 1.415547718997495208e-01
2.232692064653525321e+00 2.004021508413604546e-02 1.415634666294098842e-01
2.229298214397562816e+00 2.005339352539509817e-02 1.416100050328192583e-01
2.225909523034643733e+00 2.006323073749123956e-02 1.416447342384856978e-01
2.222525982722884486e+00 2.007288541925041775e-02 1.416788107631145321e-01
2.219147585632321729e+00 2.004340915643608445e-02 1.415747475944636180e-01
2.215774323944895485e+00 2.007264615300054234e-02 1.416779663638652875e-01
2.212406189854427829e+00 2.000614304652823319e-02 1.414430735190954358e-01
2.209043175566608674e+00 2.002209216875757217e-02 1.414994422913305183e-01
2.205685273298974458e+00 2.005758574630898960e-02 1.416248062533855268e-01
2.202332475280892155e+00 2.001634731174083137e-02 1.414791409068518191e-01
2.198984773753540622e+00 2.001961152875310346e-02 1.414906764728796618e-01
2.195642160969891954e+00 2.000522867690040368e-02 1.414398411937047018e-01
2.192304629194695931e+00 2.000287445686843579e-02 1.414315186119007861e-01
2.188972170704458708e+00 2.001299600535539486e-02 1.414672965930832971e-01
2.185644777787427273e+00 2.001918001830679805e-02 1.414891515922927501e-01
2.182322442743571678e+00 1.999292803257387771e-02 1.413963508460309437e-01
2.179005157884565058e+00 2.001971004076552596e-02 1.414910245943732103e-01
2.175692915533770311e+00 2.002677267372523356e-02 1.415159802768762576e-01
2.172385708026215667e+00 2.000620138395248215e-02 1.414432797412181197e-01
2.169083527708582260e+00 2.002074101377754323e-02 1.414946677927388929e-01
2.165786366939186358e+00 2.001987507887217910e-02 1.414916078036863034e-01
2.162494218087957165e+00 2.001232358163847203e-02 1.414649199683033487e-01
2.159207073536425270e+00 2.004599763689864783e-02 1.415838890442646658e-01
2.155924925677699111e+00 2.001740815574663129e-02 1.414828899752426927e-01
2.152647766916451211e+00 2.004873671821892980e-02 1.415935617117491940e-01
2.149375589668900854e+00 2.005172532848970707e-02 1.416041148006995931e-01
2.146108386362792331e+00 2.001581188201264835e-02 1.414772486374139548e-01
2.142846149437383385e+00 2.009280932112248591e-02 1.417491069499998146e-01
2.139588871343422571e+00 2.006746044368822729e-02 1.416596641379903321e-01
2.136336544543134153e+00 2.003872130129601831e-02 1.415581905129336404e-01
2.133089161510201226e+00 2.005223096946049527e-02 1.416059001929668715e-01
2.129846714729746626e+00 2.013639626341155037e-02 1.419027704571392545e-01
2.126609196698316939e+00 2.005954483736408639e-02 1.416317225672415747e-01
2.123376599923863406e+00 2.006236906960952304e-02 1.416416925541682525e-01
2.120148916925726823e+00 2.013426067530147898e-02 1.418952454288073817e-01
2.116926140234618892e+00 2.013953021608938868e-02 1.419138126331943306e-01
2.113708262392604897e+00 2.013942986466243576e-02 1.419134590680617425e-01
2.110495275953086836e+00 2.009095132585519625e-02 1.417425529820004193e-01
2.107287173480786535e+00 2.011027466562805358e-02 1.418107001097873854e-01
2.104083947551726563e+00 2.011577168485789713e-02 1.418300803245133024e-01
2.100885590753216015e+00 2.013885366993748219e-02 1.419114289616501545e-01
2.097692095683831415e+00 2.023265333156749196e-02 1.422415316690856246e-01
2.094503454953398958e+00 2.014134485514450928e-02 1.419202059438489927e-01
2.091319661182980294e+00 2.016151258994514778e-02 1.419912412437652760e-01
2.088140707004851215e+00 2.016017160820891135e-02 1.419865191073043653e-01
2.084966585062489219e+00 2.021550299550366192e-02 1.421812329229974747e-01
2.081797288010553526e+00 2.008448428414188330e-02 1.417197385128193265e-01
2.078632808514867314e+00 2.008089390965652615e-02 1.417070707821473652e-01
2.075473139252404842e+00 2.012587092266090311e-02 1.418656791569437581e-01
2.072318272911269244e+00 2.018018068908436491e-02 1.420569628321131095e-01
2.069168202190680539e+00 2.019329536050759599e-02 1.421031152385745511e-01
2.066022919800955648e+00 2.010735439925263185e-02 1.418004033818403287e-01
2.062882418463490630e+00 2.031659203085893484e-02 1.425362832083779674e-01
2.059746690910748690e+00 2.016194014711314778e-02 1.419927468116352343e-01
2.056615729886237087e+00 2.025588975281036874e-02 1.423231876849671007e-01
2.053489528144496479e+00 2.035777558080069383e-02 1.426806769706420175e-01
2.050368078451078713e+00 2.022297848467362671e-02 1.422075190862762684e-01
2.047251373582533063e+00 2.034099065056532013e-02 1.426218449276453470e-01
2.044139406326389796e+00 2.034001099235028739e-02 1.426184104256890406e-01
2.041032169481141967e+00 2.036159065247106215e-02 1.426940456097277321e-01
2.037929655856229871e+00 2.047023045488345627e-02 1.430742131024436425e-01
2.034831858272023286e+00 2.046659022479586920e-02 1.430614910616964941e-01
2.031738769559805480e+00 2.061556462723263330e-02 1.435812126541374245e-01
2.028650382561758114e+00 2.057988179963110217e-02 1.434568987523120176e-01
2.025566690130941705e+00 2.047935786980536674e-02 1.431061070318292439e-01
2.022487685131281410e+00 2.038370067911862357e-02 1.427714981329208654e-01
2.019413360437549709e+00 2.042818625416752479e-02 1.429272061371365532e-01
2.016343708935349088e+00 2.057980392389239382e-02 1.434566273264933356e-01
2.013278723521097380e+00 2.063739005717220298e-02 1.436571963292204990e-01
2.010218397102009558e+00 2.063375572429317073e-02 1.436445464481445888e-01
2.007162722596083970e+00 2.057167807115187555e-02 1.434283028943446614e-01
2.004111692932081468e+00 2.053387224778176895e-02 1.432964488317200746e-01
2.001065301049512968e+00 2.064793274193533340e-02 1.436938855412273064e-01
1.998023539898622358e+00 2.052786347710453679e-02 1.432754810744132079e-01
1.994986402440369178e+00 2.043010502081332030e-02 1.429339183707398486e-01
1.991953881646412627e+00 2.037287152582916219e-02 1.427335683216431061e-01
1.988925970499095364e+00 2.014738934077594038e-02 1.419414997130012679e-01
1.985902661991427731e+00 2.030287078284796765e-02 1.424881426043864419e-01
1.982883949127071332e+00 2.037032124676048384e-02 1.427246343374558579e-01
1.979869824920322374e+00 2.053005033098035878e-02 1.432831125114902016e-01
1.976860282396095236e+00 2.041424533462603969e-02 1.428784285139854116e-01
1.973855314589909149e+00 2.028671242035252550e-02 1.424314305915394818e-01
1.970854914547866432e+00 2.046503890004121307e-02 1.430560690779709987e-01
1.967859075326643392e+00 2.044658724394727428e-02 1.429915635411658503e-01
1.964867789993467895e+00 2.078542542189101144e-02 1.441715139058025175e-01
1.961881051626107597e+00 2.045918076639920147e-02 1.430355926558113666e-01
1.958898853312851962e+00 2.031314182301550281e-02 1.425241797836967195e-01
1.955921188152496049e+00 2.048650349731448439e-02 1.431310710408976172e-01
1.952948049254327856e+00 2.060344026764026823e-02 1.435389851839571351e-01
1.949979429738106340e+00 2.068600080282173570e-02 1.438262868978467945e-01
1.947015322734050979e+00 2.062182077853493348e-02 1.436029971084689105e-01
1.944055721382823343e+00 2.047419046954206123e-02 1.430880514562346828e-01
1.941100618835511327e+00 2.061656834535023630e-02 1.435847079091301937e-01
1.938150008253614720e+00 2.061671664046484803e-02 1.435852243110858906e-01
1.935203882809026776e+00 2.040647164449851253e-02 1.428512220616208472e-01
1.932262235684021112e+00 2.041640609543657336e-02 1.428859898500779435e-01
1.929325060071234388e+00 2.033795272853403807e-02 1.426111942609486760e-01
1.926392349173650320e+00 2.019866067172302465e-02 1.421219922169789374e-01
1.923464096204586804e+00 2.046858427042391043e-02 1.430684600826608033e-01
1.920540294387675040e+00 2.046627122916656188e-02 1.430603761674299479e-01
1.917620936956848210e+00 2.027221290371534340e-02 1.423805215038747574e-01
1.914706017156325268e+00 2.012842084822511618e-02 1.418746659845411540e-01
1.911795528240591624e+00 2.028006206636285072e-02 1.424080828687853961e-01
1.908889463474390258e+00 2.009406738407214926e-02 1.417535445203122468e-01
1.905987816132699297e+00 2.028862946865798988e-02 1.424381601561112154e-01
1.903090579500720025e+00 2.009314696856680238e-02 1.417502979487761106e-01
1.900197746873861560e+00 2.037615707123932932e-02 1.427450772224364006e-01
1.897309311557723088e+00 2.037528318324142301e-02 1.427420161803854559e-01
1.894425266868080771e+00 2.016575252434731069e-02 1.420061707263008677e-01
1.891545606130871082e+00 2.030217410748594992e-02 1.424856979050387051e-01
1.888670322682175717e+00 2.037552842682209889e-02 1.427428752226257425e-01
1.885799409868205601e+00 2.031678942475309210e-02 1.425369756405442112e-01
1.882932861045285122e+00 2.033888910488854465e-02 1.426144771924945376e-01
1.880070669579840370e+00 2.038744959270797144e-02 1.427846265979218487e-01
1.877212828848376924e+00 2.050992473127632651e-02 1.432128651039295542e-01
1.874359332237472087e+00 2.047058323974967897e-02 1.430754459708222515e-01
1.871510173143754452e+00 2.034015755605417947e-02 1.426189242564049886e-01
1.868665344973888809e+00 2.057653175082157712e-02 1.434452221261537097e-01
1.865824841144566149e+00 2.030790639784453913e-02 1.425058118037455246e-01
1.862988655082480127e+00 2.035574937242250193e-02 1.426735762936588714e-01
1.860156780224319517e+00 2.071567730220520362e-02 1.439294177790114149e-01
1.857329210016749110e+00 2.068090969103175691e-02 1.438085869864235700e-01
1.854505937916392622e+00 2.046035486729424341e-02 1.430396968232743593e-01
1.851686957389824917e+00 2.032922200495939150e-02 1.425805807428185135e-01
1.848872261913547810e+00 2.035976136510478721e-02 1.426876356420022363e-01
1.846061844973981403e+00 2.015731669806325455e-02 1.419764652964119189e-01
1.843255700067447433e+00 2.044534762129225636e-02 1.429872288747923714e-01
1.840453820700150622e+00 2.033363184856596187e-02 1.425960442949451568e-01
1.837656200388171568e+00 2.025940489512934733e-02 1.423355363046394928e-01
1.834862832657442322e+00 2.035094457326589931e-02 1.426567368660376367e-01
1.832073711043738173e+00 2.059799843324774254e-02 1.435200279865069539e-01
1.829288829092660551e+00 1.998068665299028435e-02 1.413530567514911795e-01
1.826508180359621036e+00 2.032635821839734458e-02 1.425705376941440450e-01
1.823731758409828929e+00 2.022555423360589133e-02 1.422165751015186386e-01
1.820959556818273484e+00 2.035260831263903739e-02 1.426625680150158948e-01
1.818191569169710586e+00 2.025082996268445096e-02 1.423054108693146413e-01
1.815427789058648766e+00 2.009706158768038986e-02 1.417641054275742551e-01
1.812668210089331655e+00 2.022330376423687320e-02 1.422086627608770970e-01
1.809912825875727327e+00 2.019246740799595513e-02 1.421002019984347331e-01
1.807161630041508538e+00 2.051961069030568130e-02 1.432466777635896249e-01
1.804414616220041623e+00 2.020496045272654473e-02 1.421441537761104768e-01
1.801671778054371620e+00 2.049793329206416395e-02 1.431709931936779034e-01
1.798933109197204505e+00 2.028417843081883193e-02 1.424225348419934367e-01
1.796198603310896535e+00 2.027239440256389802e-02 1.423811588749153978e-01
1.793468254067436707e+00 2.012827981897801627e-02 1.418741689631273784e-01
1.790742055148432321e+00 2.011496019564516444e-02 1.418272195160194260e-01
1.788020000245096774e+00 2.011327866374039430e-02 1.418212912920355229e-01
1.785302083058232014e+00 2.001280980959149747e-02 1.414666385038942653e-01
1.782588297298216329e+00 2.020152025281449215e-02 1.421320521656339597e-01
1.779878636684987026e+00 2.002358228282922342e-02 1.415047076348671384e-01
1.777173094948028886e+00 2.018390635586104348e-02 1.420700755115623937e-01
1.774471665826357736e+00 2.013842593822186972e-02 1.419099219160586678e-01
1.771774343068506674e+00 2.010823135990664340e-02 1.418034955842296663e-01
1.769081120432512089e+00 2.003477684341851625e-02 1.415442575430685412e-01
1.766391991685897223e+00 1.992437181992975231e-02 1.411537169894216959e-01
1.763706950605660628e+00 1.992370021696719673e-02 1.411513379921253142e-01
1.761025990978259070e+00 1.999483135136184350e-02 1.414030811240046537e-01
1.758349106599595091e+00 1.982497585117171113e-02 1.408011926482574672e-01
1.755676291275001688e+00 1.994901305060930302e-02 1.412409751120732859e-01
1.753007538819227440e+00 1.980427371900653211e-02 1.407276579745663780e-01
1.750342843056424735e+00 1.988515813539028926e-02 1.410147443900469921e-01
1.747682197820131567e+00 1.978428319746233094e-02 1.406566144817311126e-01
1.745025596953261759e+00 1.982360933883898016e-02 1.407963399341012056e-01
1.742373034308085433e+00 1.980859047262705994e-02 1.407429943998174948e-01
1.739724503746220341e+00 1.979299587384169418e-02 1.406875825147397008e-01
1.737079999138613662e+00 1.972839656458234489e-02 1.404578106214899869e-01
1.734439514365529122e+00 1.971071682904560612e-02 1.403948604082272122e-01
1.731803043316533897e+00 1.984735512308645478e-02 1.408806414064276424e-01
1.729170579890481951e+00 1.978546462274110435e-02 1.406608140981030486e-01
1.726542117995502723e+00 1.969140682374014711e-02 1.403260732142824208e-01
1.723917651548985353e+00 1.977305902193280535e-02 1.406167096113858095e-01
1.721297174477564473e+00 1.970190588361852430e-02 1.403634777412504919e-01
1.718680680717107334e+00 1.971512539640608158e-02 1.404105601313735963e-01
1.716068164212698699e+00 1.959903886680829446e-02 1.399965673393754884e-01
1.713459618918627303e+00 1.976790408643881031e-02 1.405983786764229138e-01
1.710855038798371863e+00 1.960348296402351920e-02 1.400124386046593949e-01
1.708254417824587534e+00 1.956732031114521292e-02 1.398832381350432197e-01
1.705657749979089921e+00 1.956154555164502790e-02 1.398625952556473429e-01
1.703065029252844420e+00 1.963189543271067969e-02 1.401138659544824694e-01
1.700476249645949789e+00 1.958414846032494397e-02 1.399433759072752359e-01
1.697891405167625267e+00 1.958881869740583537e-02 1.399600610796016831e-01
1.695310489836195922e+00 1.951577850151699212e-02 1.396988851119327635e-01
1.692733497679080212e+00 1.954625631500870112e-02 1.398079265099397006e-01
1.690160422732775114e+00 1.960387049435641932e-02 1.400138225117663893e-01
1.687591259042841685e+00 1.952800419757998174e-02 1.397426355754748939e-01
1.685026000663893964e+00 1.951202843511300189e-02 1.396854625045605980e-01
1.682464641659582094e+00 1.952616532309163835e-02 1.397360559164728955e-01
1.679907176102579669e+00 1.951023134689883198e-02 1.396790297320926744e-01
1.677353598074570851e+00 1.952286974839140266e-02 1.397242632773256221e-01
1.674803901666235717e+00 1.955634726261674602e-02 1.398440104638619952e-01
1.672258080977237604e+00 1.958264070509595917e-02 1.399379887846611825e-01
1.669716130116208230e+00 1.951971955995336627e-02 1.397129899470817560e-01
1.667178043200734150e+00 1.959615195496433593e-02 1.399862563074115995e-01
1.664643814357344542e+00 1.961129079149153548e-02 1.400403184496933906e-01
1.662113437721496334e+00 1.950231916193729750e-02 1.396507041225975854e-01
1.659586907437560876e+00 1.950116779109154277e-02 1.396465817379413665e-01
1.657064217658810179e+00 1.951462009642880580e-02 1.396947389719054855e-01
1.654545362547404475e+00 1.948355760649422841e-02 1.395835148092145761e-01
1.652030336274377120e+00 1.953320356897245147e-02 1.397612377198071687e-01
1.649519133019622608e+00 1.948680435179306683e-02 1.395951444420366061e-01
1.647011746971881907e+00 1.946243627149719588e-02 1.395078358784810069e-01
1.644508172328729811e+00 1.944731736729741339e-02 1.394536387739574723e-01
1.642008403296560726e+00 1.951871277177397862e-02 1.397093868420228313e-01
1.639512434090576454e+00 1.948245046486027365e-02 1.395795488775496695e-01
1.637020258934771544e+00 1.947359475704359133e-02 1.395478224733141259e-01
1.634531872061921076e+00 1.949501177321124462e-02 1.396245385783288495e-01
1.632047267713565786e+00 1.948818728527134531e-02 1.396000977265823562e-01
1.629566440140000738e+00 1.945913366471219846e-02 1.394959987408678215e-01
1.627089383600260009e+00 1.949835390456684109e-02 1.396365063461802725e-01
1.624616092362104913e+00 1.948523789195525172e-02 1.395895336046197033e-01
1.622146560702010687e+00 1.947976918481086894e-02 1.395699437013960820e-01
1.619680782905150940e+00 1.949800864748763365e-02 1.396352700698775262e-01
1.617218753265388109e+00 1.950402301937960090e-02 1.396568044148927268e-01
1.614760466085257473e+00 1.949664189081434795e-02 1.396303759602986472e-01
1.612305915675955159e+00 1.946875753738831066e-02 1.395304896335862188e-01
1.609855096357324156e+00 1.946654432990382877e-02 1.395225584982723588e-01
1.607408002457842544e+00 1.946619021815410716e-02 1.395212894799718606e-01
1.604964628314608621e+00 1.950070390287533123e-02 1.396449207915394786e-01
1.602524968273329353e+00 1.950082762285659799e-02 1.396453637714356599e-01
1.600089016688306831e+00 1.941031436412725755e-02 1.393209042610880355e-01
1.597656767922423615e+00 1.950920214010600645e-02 1.396753454984307752e-01
1.595228216347132522e+00 1.947108004515087434e-02 1.395388119669609128e-01
1.592803356342442189e+00 1.946782412280187446e-02 1.395271447525601449e-01
1.590382182296902869e+00 1.943238089491687581e-02 1.394000749458796928e-01
1.587964688607595543e+00 1.943368842123166518e-02 1.394047647006072255e-01
1.585550869680117714e+00 1.948822303682440013e-02 1.396002257764091259e-01
1.583140719928570750e+00 1.953724605824700561e-02 1.397756990976865288e-01
1.580734233775547226e+00 1.955371502776140705e-02 1.398345988221849356e-01
1.578331405652117381e+00 1.958876669771371024e-02 1.399598753132972329e-01
1.575932229997817347e+00 1.945113404313016103e-02 1.394673224921528509e-01
1.573536701260634496e+00 1.947408784704889734e-02 1.395495892041567210e-01
1.571144813896996340e+00 1.956555177549630306e-02 1.398769165212627452e-01
1.568756562371756980e+00 1.942597552247242454e-02 1.393770982711020068e-01
1.566371941158184455e+00 1.956568208445100959e-02 1.398773823191262478e-01
1.563990944737947197e+00 1.961866845462366046e-02 1.400666571837268504e-01
1.561613567601102259e+00 1.943303464032653666e-02 1.394024197793084785e-01
1.559239804246082661e+00 1.948790550334107002e-02 1.395990884760393846e-01
1.556869649179683623e+00 1.960064615280008443e-02 1.400023076695526558e-01
1.554503096917050797e+00 1.951213378737725462e-02 1.396858396093793586e-01
1.552140141981666277e+00 1.960938150379540681e-02 1.400335013623361657e-01
1.549780778905338385e+00 1.978396502908034635e-02 1.406554834660929398e-01
1.547425002228185908e+00 1.952382007438100558e-02 1.397276639552132715e-01
1.545072806498628548e+00 1.965394372924982036e-02 1.401925237994159912e-01
1.542724186273371600e+00 1.971151294660852815e-02 1.403976956598950998e-01
1.540379136117395076e+00 1.953052598037801138e-02 1.397516582383837580e-01
1.538037650603940376e+00 1.964538353794807041e-02 1.401619903466987394e-01
1.535699724314498305e+00 1.985853141667122748e-02 1.409203016483829007e-01
1.533365351838795743e+00 1.973105815957452991e-02 1.404672850153178276e-01
1.531034527774784326e+00 1.973861282247546187e-02 1.404941736246576867e-01
1.528707246728626234e+00 1.964321662359799076e-02 1.401542600979291953e-01
1.526383503314683088e+00 1.966263416103881945e-02 1.402235150074295500e-01
1.524063292155503069e+00 1.983183291127709608e-02 1.408255406922944986e-01
1.521746607881808933e+00 1.979577064165197187e-02 1.406974436215952529e-01
1.519433445132484017e+00 1.983198966668475033e-02 1.408260972500649522e-01
1.517123798554561809e+00 1.969663974778019383e-02 1.403447175627932086e-01
1.514817662803212617e+00 1.981174435646770524e-02 1.407541983617814074e-01
1.512515032541730919e+00 1.977355287698335032e-02 1.406184656330147498e-01
1.510215902441523816e+00 1.984548250182883306e-02 1.408739951226940790e-01
1.507920267182097485e+00 1.994176877693230529e-02 1.412153276982789363e-01
1.505628121451046519e+00 1.969030785895641011e-02 1.403221574055801557e-01
1.503339459944040168e+00 2.002709105872970546e-02 1.415171051807155300e-01
1.501054277364810785e+00 2.017436522744323057e-02 1.420364925906128784e-01
1.498772568425141838e+00 2.001162417239421912e-02 1.414624479230944809e-01
1.496494327844854588e+00 1.995255350348097700e-02 1.412535079333641919e-01
1.494219550351796544e+00 1.997568093896187613e-02 1.413353492193721306e-01
1.491948230681830134e+00 1.993936691276647355e-02 1.412068231806327123e-01
1.489680363578818723e+00 1.995561632811912803e-02 1.412643491052117117e-01
1.487415943794615947e+00 2.001323658633520283e-02 1.414681468965194311e-01
1.485154966089052397e+00 1.994465552597323235e-02 1.412255484180296450e-01
1.482897425229924737e+00 2.008368038200097558e-02 1.417169022452896276e-01
1.480643315992982600e+00 2.005414728284296566e-02 1.416126663926746687e-01
1.478392633161917269e+00 1.993600297984198660e-02 1.411949113100114117e-01
1.476145371528348349e+00 2.012309036729574563e-02 1.418558788605384091e-01
1.473901525891813113e+00 2.005898539141071080e-02 1.416297475511790471e-01
1.471661091059754067e+00 2.016401535168287767e-02 1.420000540552111001e-01
1.469424061847506513e+00 2.015675529385838050e-02 1.419744881795964864e-01
1.467190433078287004e+00 2.009605747339462262e-02 1.417605638864159745e-01
1.464960199583180689e+00 2.005339213175341001e-02 1.416100001121156915e-01
1.462733356201130208e+00 2.022120909627945010e-02 1.422012978009675188e-01
1.460509897778923261e+00 2.016610552499800701e-02 1.420074136268878184e-01
1.458289819171181279e+00 2.014032682949959754e-02 1.419166192857608810e-01
1.456073115240346327e+00 2.026455060471940572e-02 1.423536111404252458e-01
1.453859780856670225e+00 2.020583036011942141e-02 1.421472136910161832e-01
1.451649810898202331e+00 2.045016912542246129e-02 1.430040877927007403e-01
1.449443200250777553e+00 2.031776666692595643e-02 1.425404036297286403e-01
1.447239943808005469e+00 2.013194185518090568e-02 1.418870743062274342e-01
1.445040036471256784e+00 2.070516967943161063e-02 1.438929104557677974e-01
1.442843473149652889e+00 2.019233651716275876e-02 1.420997414394648273e-01
1.440650248760053653e+00 2.010959434952450803e-02 1.418083014125918750e-01
1.438460358227045655e+00 2.045753650158018203e-02 1.430298447932464856e-01
1.436273796482930631e+00 2.031826495191633303e-02 1.425421514918177868e-01
1.434090558467713272e+00 2.057544043923262983e-02 1.434414181442467129e-01
1.431910639129089891e+00 2.052921919156315902e-02 1.432802121423721320e-01
1.429734033422436879e+00 2.029443989264103493e-02 1.424585549998350631e-01
1.427560736310798495e+00 2.034122185877672295e-02 1.426226554891498466e-01
1.425390742764876206e+00 2.035517546565916019e-02 1.426715650214125941e-01
1.423224047763015365e+00 2.039657337833335193e-02 1.428165724918972757e-01
1.421060646291195217e+00 2.048404089784424537e-02 1.431224681796825493e-01
1.418900533343016690e+00 2.046402353614407837e-02 1.430525202020015985e-01
1.416743703919690400e+00 2.042239056764158511e-02 1.429069297397491112e-01
1.414590153030026221e+00 2.029566770569386780e-02 1.424628643039787812e-01
1.412439875690420177e+00 2.027036184162871874e-02 1.423740209505537646e-01
1.410292866924843791e+00 2.041971996322669916e-02 1.428975855752178115e-01
1.408149121764833200e+00 2.042449954909059465e-02 1.429143084127358909e-01
1.406008635249476502e+00 2.039143886567054698e-02 1.427985954611268038e-01
1.403871402425402648e+00 2.031400371805540395e-02 1.425272034316796832e-01
1.401737418346770125e+00 2.035803171223707700e-02 1.426815745365780375e-01
1.399606678075255406e+00 2.045777253951269747e-02 1.430306699261130465e-01
1.397479176680041846e+00 2.039249603933361923e-02 1.428022970380155299e-01
1.395354909237807917e+00 2.024451129619094653e-02 1.422832080612148331e-01
1.393233870832715438e+00 2.034600818664248495e-02 1.426394341921002062e-01
1.391116056556399139e+00 2.017579213621172388e-02 1.420415155375769900e-01
1.389001461507954671e+00 2.031698042669573961e-02 1.425376456473718412e-01
1.386890080793927504e+00 2.041176302081668809e-02 1.428697414458942883e-01
1.384781909528301380e+00 2.046264434881221034e-02 1.430476995579174349e-01
1.382676942832486766e+00 2.037001357969940585e-02 1.427235564989164929e-01
1.380575175835310864e+00 2.033279970035867940e-02 1.425931264134378817e-01
1.378476603673004508e+00 2.043533083500892120e-02 1.429521977271036026e-01
1.376381221489192175e+00 2.020388772080805584e-02 1.421403803315864633e-01
1.374289024434880657e+00 2.044173350275275969e-02 1.429745904094596731e-01
1.372200007668446853e+00 2.030199331786703906e-02 1.424850634904130664e-01
1.370114166355627994e+00 2.055960881809324597e-02 1.433862225532608337e-01
1.368031495669509212e+00 2.046123262928029041e-02 1.430427650364753389e-01
1.365951990790513326e+00 2.059508496486326876e-02 1.435098775863991594e-01
1.363875646906388628e+00 2.057274817311378207e-02 1.434320332879436832e-01
1.361802459212199112e+00 2.026205377064659030e-02 1.423448410398023278e-01
1.359732422910312044e+00 2.051493871237056177e-02 1.432303693787409238e-01
1.357665533210387965e+00 2.035085912199097874e-02 1.426564373661103891e-01
1.355601785329368703e+00 2.041031930496097976e-02 1.428646887966406598e-01
1.353541174491466492e+00 2.044120315194228321e-02 1.429727356944053285e-01
1.351483695928153317e+00 2.049412403596900453e-02 1.431576894056655336e-01
1.349429344878150028e+00 2.001424150270424834e-02 1.414716985927017556e-01
1.347378116587414576e+00 2.051955254733754327e-02 1.432464748164419821e-01
1.345330006309131354e+00 2.006362490312899732e-02 1.416461256199017804e-01
1.343285009303700317e+00 2.028250382631422918e-02 1.424166557194566085e-01
1.341243120838725655e+00 2.018854730658595914e-02 1.420864078882493331e-01
1.339204336189006028e+00 2.020893034408333469e-02 1.421581174048226204e-01
1.337168650636521905e+00 2.011178121704695898e-02 1.418160118500268740e-01
1.335136059470425796e+00 2.015430276660361980e-02 1.419658507057370567e-01
1.333106557987030927e+00 1.970135307949698669e-02 1.403615085395457929e-01
1.331080141489800361e+00 1.987596976833738704e-02 1.409821611706154332e-01
1.329056805289336562e+00 1.944608231729307718e-02 1.394492105294722617e-01
1.327036544703370069e+00 1.934409257378372909e-02 1.390830420065067852e-01
1.325019355056748394e+00 1.964537922290793270e-02 1.401619749536511528e-01
1.323005231681426475e+00 1.931761767963256424e-02 1.389878328474566938e-01
1.320994169916454020e+00 1.934748026908825885e-02 1.390952201518379228e-01
1.318986165107966624e+00 1.936756885137147152e-02 1.391674130368581452e-01
1.316981212609173557e+00 1.925183276209278121e-02 1.387509739140334042e-01
1.314979307780347551e+00 1.938150218317254841e-02 1.392174636429372170e-01
1.312980445988814138e+00 1.927617421487841376e-02 1.388386625363353666e-01
1.310984622608940997e+00 1.936648461051091244e-02 1.391635175270836411e-01
1.308991833022126627e+00 1.931867238783026991e-02 1.389916270421721056e-01
1.307002072616791022e+00 1.931942377073316008e-02 1.389943299949072120e-01
1.305015336788363012e+00 1.936221691564922465e-02 1.391481832998520407e-01
1.303031620939271384e+00 1.937555635576738988e-02 1.391961075453167496e-01
1.301050920478933559e+00 1.923447382560822608e-02 1.386884055197413479e-01
1.299073230823744485e+00 1.927363188880697534e-02 1.388295065496055747e-01
1.297098547397067314e+00 1.943185752210086284e-02 1.393981977003320716e-01
1.295126865629221191e+00 1.922660632940633579e-02 1.386600386896179038e-01
1.293158180957471926e+00 1.931551145263916969e-02 1.389802556215780360e-01
1.291192488826020890e+00 1.939286716445197400e-02 1.392582750304339201e-01
1.289229784685994806e+00 1.923974596858976302e-02 1.387074113686423138e-01
1.287270063995434644e+00 1.929081659930318576e-02 1.388913841795205995e-01
1.285313322219285626e+00 1.923234812675055083e-02 1.386807417298831502e-01
1.283359554829386795e+00 1.917109669234611999e-02 1.384597294968689385e-01
1.281408757304460133e+00 1.928174399172389794e-02 1.388587195379674399e-01
1.279460925130100124e+00 1.929610889610940475e-02 1.389104347992237976e-01
1.277516053798763762e+00 1.918574663032615937e-02 1.385126226389716553e-01
1.275574138809759672e+00 1.916385790238666481e-02 1.384335866124498937e-01
1.273635175669237896e+00 1.927994573327066613e-02 1.388522442500324250e-01
1.271699159890179454e+00 1.922486126835239520e-02 1.386537459586014709e-01
1.269766086992385912e+00 1.923513443990814559e-02 1.386907871486355859e-01
1.267835952502468944e+00 1.923011764107871932e-02 1.386726996963667524e-01
1.265908751953840339e+00 1.924553834957052484e-02 1.387282896512838926e-01
1.263984480886701123e+00 1.918094397026177608e-02 1.384952850109409939e-01
1.262063134848032009e+00 1.916635311319878771e-02 1.384425986219515736e-01
1.260144709391582518e+00 1.915290163509474411e-02 1.383940086676253012e-01
1.258229200077859655e+00 1.914316707229549164e-02 1.383588344569854078e-01
1.256316602474120581e+00 1.917986894483370355e-02 1.384914038662100610e-01
1.254406912154359288e+00 1.924168033634986522e-02 1.387143840282970275e-01
1.252500124699298167e+00 1.916976586511599454e-02 1.384549235856782079e-01
1.250596235696376679e+00 1.920130927319450148e-02 1.385687889576671661e-01
1.248695240739742252e+00 1.920971096100831943e-02 1.385991015880273236e-01
1.246797135430239400e+00 1.922664455968912944e-02 1.386601765457159963e-01
1.244901915375399515e+00 1.919771337643420839e-02 1.385558132177578672e-01
1.243009576189430865e+00 1.922794402276765957e-02 1.386648622498420080e-01
1.241120113493208610e+00 1.929296826152361588e-02 1.388991298083742942e-01
1.239233522914264363e+00 1.924209463274803231e-02 1.387158773635809583e-01
1.237349800086775975e+00 1.926653867403598647e-02 1.388039577030712179e-01
1.235468940651557990e+00 1.926939750942651547e-02 1.388142554258261774e-01
1.233590940256051427e+00 1.925335414356849767e-02 1.387564562230114706e-01
1.231715794554312682e+00 1.922979900458422070e-02 1.386715508119247264e-01
1.229843499207005308e+00 1.928154161898384261e-02 1.388579908359034443e-01
1.227974049881388030e+00 1.930667878695215695e-02 1.389484752955287283e-01
1.226107442251306079e+00 1.925898689538390121e-02 1.387767519989709930e-01
1.224243671997181204e+00 1.940210635745424905e-02 1.392914439492040357e-01
1.222382734806000348e+00 1.928519625268265356e-02 1.388711498212737150e-01
1.220524626371306987e+00 1.928450106504661296e-02 1.388686468035409682e-01
1.218669342393190913e+00 1.934872846232753990e-02 1.390997069095673555e-01
1.216816878578277583e+00 1.929801710450298677e-02 1.389173031141296977e-01
1.214967230639719009e+00 1.935293234687415764e-02 1.391148171363286445e-01
1.213120394297183546e+00 1.932373448811819383e-02 1.390098359401887584e-01
1.211276365276845901e+00 1.935642427302655677e-02 1.391273670886736813e-01
1.209435139311377139e+00 1.933950301571743524e-02 1.390665416831720624e-01
1.207596712139934914e+00 1.935125736038069769e-02 1.391087968475779035e-01
1.205761079508154587e+00 1.945021054297962904e-02 1.394640116409234520e-01
1.203928237168137017e+00 1.941339269044311741e-02 1.393319514341312682e-01
1.202098180878440781e+00 1.945535717169294063e-02 1.394824618785205639e-01
1.200270906404072191e+00 1.934493096504418322e-02 1.390860559691164122e-01
1.198446409516475075e+00 1.944659372618832288e-02 1.394510441918178079e-01
1.196624685993519899e+00 1.943524793931423328e-02 1.394103580775626350e-01
1.194805731619495770e+00 1.945058071128094590e-02 1.394653387450837112e-01
1.192989542185100449e+00 1.939939970776423384e-02 1.392817278316299257e-01
1.191176113487429244e+00 1.946971339687177116e-02 1.395339148625586723e-01
1.189365441329966577e+00 1.944980599157384443e-02 1.394625612541726123e-01
1.187557521522576209e+00 1.945379785360312058e-02 1.394768721100495545e-01
1.185752349881490364e+00 1.957781505006566183e-02 1.399207456028792873e-01
1.183949922229301954e+00 1.942091769497325537e-02 1.393589526904291109e-01
1.182150234394952815e+00 1.965299542902388535e-02 1.401891416231081933e-01
1.180353282213725929e+00 1.957907825308703373e-02 1.399252595248157149e-01
1.178559061527234109e+00 1.962526555022232541e-02 1.400902050473991078e-01
1.176767568183411994e+00 1.965473247062548418e-02 1.401953368362353347e-01
1.174978798036505401e+00 1.967643079007349791e-02 1.402727015141345956e-01
1.173192746947061771e+00 1.982845228549172736e-02 1.408135372948628450e-01
1.171409410781920846e+00 1.973782748128039347e-02 1.404913786724309721e-01
1.169628785414205341e+00 1.975489879682813810e-02 1.405521212818509613e-01
1.167850866723310954e+00 1.970013567118191616e-02 1.403571717839238731e-01
1.166075650594896818e+00 1.976606877549098168e-02 1.405918517393201506e-01
1.164303132920876838e+00 1.987241655024340331e-02 1.409695589488858536e-01
1.162533309599408149e+00 1.969554116873267063e-02 1.403408036485920551e-01
1.160766176534884453e+00 1.980319200694566004e-02 1.407238146404000134e-01
1.159001729637924250e+00 1.960259334262423950e-02 1.400092616315943561e-01
1.157239964825362399e+00 1.978240423059049111e-02 1.406499350536305482e-01
1.155480878020240576e+00 1.970017198859800103e-02 1.403573011588567232e-01
1.153724465151797052e+00 1.973616232254567920e-02 1.404854523519986353e-01
1.151970722155459370e+00 1.960520975175860520e-02 1.400186050200422638e-01
1.150219644972831468e+00 1.973491723161711550e-02 1.404810208946999095e-01
1.148471229551688344e+00 1.966219959869991082e-02 1.402219654644018820e-01
1.146725471845963629e+00 1.955212289956508032e-02 1.398289058083666825e-01
1.144982367815741142e+00 1.977693568737404206e-02 1.406304934478082580e-01
1.143241913427246237e+00 1.982129781905962382e-02 1.407881309594655461e-01
1.141504104652835361e+00 1.951719865385843911e-02 1.397039679245311861e-01
1.139768937470987842e+00 1.956822199255119077e-02 1.398864610766574201e-01
1.138036407866295452e+00 1.953795424943081255e-02 1.397782323877033994e-01
1.136306511829453969e+00 1.978377754360896926e-02 1.406548169939763060e-01
1.134579245357253408e+00 2.009317117042324491e-02 1.417503833166713079e-01
1.132854604452569136e+00 1.981166129654294769e-02 1.407539033083734792e-01
1.131132585124352330e+00 1.988187920728512470e-02 1.410031177218614706e-01
1.129413183387620867e+00 1.974336191385362566e-02 1.405110739901080652e-01
1.127696395263450002e+00 1.953843217908593152e-02 1.397799419769729656e-01
1.125982216778963485e+00 1.969164404583347711e-02 1.403269184648243961e-01
1.124270643967324013e+00 1.967108714484035181e-02 1.402536528752116041e-01
1.122561672867723681e+00 1.973900912749836090e-02 1.404955840142257384e-01
1.120855299525376214e+00 1.953278627284652305e-02 1.397597448224864314e-01
1.119151519991505861e+00 1.983894072122140140e-02 1.408507746560926921e-01
1.117450330323340291e+00 1.965967170234205960e-02 1.402129512646462239e-01
1.115751726584099712e+00 1.972977915285978670e-02 1.404627322561389779e-01
1.114055704842988881e+00 1.963347597765215113e-02 1.401195060569803419e-01
1.112362261175187550e+00 1.957914297186977987e-02 1.399254907865960518e-01
1.110671391661841367e+00 1.977447090966526905e-02 1.406217298630096924e-01
1.108983092390053216e+00 1.961908404018062116e-02 1.400681407036611648e-01
1.107297359452873664e+00 1.958131957487989350e-02 1.399332682919965654e-01
1.105614188949291865e+00 1.961137674216243548e-02 1.400406253276613722e-01
1.103933576984227338e+00 1.938127473762115555e-02 1.392166467690597598e-01
1.102255519668519979e+00 1.959381553195806147e-02 1.399779108715302200e-01
1.100580013118921618e+00 1.956314945517812279e-02 1.398683289925854722e-01
1.098907053458087146e+00 1.958443428101939651e-02 1.399443971047765745e-01
1.097236636814564736e+00 1.940316813695651746e-02 1.392952552564390711e-01
1.095568759322787855e+00 1.949261558700672234e-02 1.396159574941443493e-01
1.093903417123065713e+00 1.945570211920582063e-02 1.394836983995112745e-01
1.092240606361574828e+00 1.941161663700557982e-02 1.393255778276393242e-01
1.090580323190349255e+00 1.929849259654784627e-02 1.389190145248224983e-01
1.088922563767272811e+00 1.927521103535587838e-02 1.388351937923373858e-01
1.087267324256069534e+00 1.926130921259432832e-02 1.387851188441841799e-01
1.085614600826294129e+00 1.922629945484077146e-02 1.386589321134443498e-01
1.083964389653325089e+00 1.919801435400900896e-02 1.385568993374527436e-01
1.082316686918353366e+00 1.919615412779592314e-02 1.385501863145478518e-01
1.080671488808375491e+00 1.917496843410856910e-02 1.384737102633874228e-01
1.079028791516184027e+00 1.920536724358309216e-02 1.385834306242383906e-01
1.077388591240358462e+00 1.923429938678742485e-02 1.386877766307738624e-01
1.075750884185257217e+00 1.915724162012473475e-02 1.384096875949250016e-01
1.074115666561007432e+00 1.920264387463352720e-02 1.385736045379260817e-01
1.072482934583497860e+00 1.920892846307106772e-02 1.385962786768500099e-01
1.070852684474369543e+00 1.916596112835593918e-02 1.384411829202421285e-01
1.069224912461006038e+00 1.916553220976831978e-02 1.384396338111608948e-01
1.067599614776526540e+00 1.914933076097884157e-02 1.383811069509809921e-01
1.065976787659775438e+00 1.916456858700130161e-02 1.384361534679481864e-01
1.064356427355314549e+00 1.915941030190206409e-02 1.384175216578524825e-01
1.062738530113414459e+00 1.916569426035901955e-02 1.384402190852030423e-01
1.061123092190045414e+00 1.913211019562872928e-02 1.383188714370845729e-01
1.059510109846868664e+00 1.913786303503475089e-02 1.383396654435550821e-01
1.057899579351228470e+00 1.916389163642905763e-02 1.384337084543683649e-01
1.056291496976142330e+00 1.914168905166241386e-02 1.383534930952681485e-01
1.054685859000293657e+00 1.911826030650293218e-02 1.382687972989673775e-01
1.053082661708022449e+00 1.911392525444308502e-02 1.382531202340225029e-01
1.051481901389316409e+00 1.913008679076389981e-02 1.383115569674635004e-01
1.049883574339802728e+00 1.912237534380015896e-02 1.382836770692772721e-01
1.048287676860739870e+00 1.912077243420893385e-02 1.382778812182517136e-01
1.046694205259008692e+00 1.911113128022535329e-02 1.382430153035781872e-01
1.045103155847103338e+00 1.910449689269367105e-02 1.382190178401426495e-01
1.043514524943123689e+00 1.910699304564926482e-02 1.382280472467482535e-01
1.041928308870766040e+00 1.909732335610259471e-02 1.381930655138042530e-01
1.040344503959315103e+00 1.910831880334912247e-02 1.382328427087756995e-01
1.038763106543635351e+00 1.909679015386617218e-02 1.381911363071675891e-01
1.037184112964162797e+00 1.909052042313254607e-02 1.381684494489698878e-01
1.035607519566895673e+00 1.908892025264055659e-02 1.381626586767950027e-01
1.034033322703386659e+00 1.909378053925318147e-02 1.381802465595324547e-01
1.032461518730734884e+00 1.909877109255365968e-02 1.381983035082328948e-01
1.030892104011576160e+00 1.910462304951957013e-02 1.382194742050467107e-01
1.029325074914076321e+00 1.909978648263244150e-02 1.382019771299688726e-01
1.027760427811920785e+00 1.912121689607180000e-02 1.382794883418065057e-01
1.026198159084307893e+00 1.912903874097909157e-02 1.383077681873982612e-01
1.024638265115939806e+00 1.909223234326001828e-02 1.381746443572771377e-01
1.023080742297013845e+00 1.911954086558471932e-02 1.382734279085635343e-01
1.021525587023214943e+00 1.912317641207540025e-02 1.382865735061629131e-01
1.019972795695706314e+00 1.916282447697365693e-02 1.384298539946266782e-01
1.018422364721122353e+00 1.911750758642790163e-02 1.382660753273481091e-01
1.016874290511559087e+00 1.911317339889702024e-02 1.382504010804200822e-01
1.015328569484566623e+00 1.909244756842779986e-02 1.381754231707932878e-01
1.013785198063140491e+00 1.911686134731120645e-02 1.382637383673362419e-01
1.012244172675713427e+00 1.913319175611429349e-02 1.383227810453299678e-01
1.010705489756148046e+00 1.916014627774961787e-02 1.384201801680290389e-01
1.009169145743726403e+00 1.918801896149651895e-02 1.385208250101641614e-01
1.007635137083144006e+00 1.917840246823511799e-02 1.384861092970522956e-01
1.006103460224500701e+00 1.920397906882910510e-02 1.385784220895486529e-01
1.004574111623292021e+00 1.924096974201363469e-02 1.387118226468588844e-01
1.003047087740401633e+00 1.917976472122121662e-02 1.384910275838157623e-01
1.001522385042092678e+00 1.918928220816070590e-02 1.385253847067774990e-01
1.000000000000000000e+00 1.928350837182619612e-02 1.388650725410324194e-01
9.984799290911220426e-01 1.920356143464384269e-02 1.385769152299322904e-01
9.969621687978120761e-01 1.928849632056455626e-02 1.388830310749465113e-01
9.954467156077705381e-01 1.925735396793007773e-02 1.387708685853413504e-01
9.939335660140372619e-01 1.938162343251360539e-02 1.392178991096820195e-01
9.924227165149819285e-01 1.938342476750552074e-02 1.392243684399592507e-01
9.909141636142979603e-01 1.936147511673522864e-02 1.391455177745055116e-01
9.894079038209926402e-01 1.935812967433276494e-02 1.391334958747632577e-01
9.879039336493805612e-01 1.936913650532944703e-02 1.391730451823536274e-01
9.864022496190738565e-01 1.930537732127358963e-02 1.389437919493835827e-01
9.849028482549762042e-01 1.952501993698433844e-02 1.397319574649419083e-01
9.834057260872727246e-01 1.943278559521727233e-02 1.394015265168113971e-01
9.819108796514234294e-01 1.948337727564891653e-02 1.395828688473227941e-01
9.804183054881546733e-01 1.948232656617110078e-02 1.395791050486107077e-01
9.789280001434506051e-01 1.944391624324186274e-02 1.394414437792504402e-01
9.774399601685463956e-01 1.940486035748590146e-02 1.393013293457241175e-01
9.759541821199194667e-01 1.944488505184053737e-02 1.394449176264253021e-01
9.744706625592811644e-01 1.943219101261557669e-02 1.393993938746348193e-01
9.729893980535695430e-01 1.960857312083894716e-02 1.400306149413011181e-01
9.715103851749418151e-01 1.941496005789496160e-02 1.393375759007417225e-01
9.700336205007645818e-01 1.952009237965277033e-02 1.397143241749133347e-01
9.685591006136076153e-01 1.948852630159353394e-02 1.396013119622933063e-01
9.670868221012360877e-01 1.959172270449488149e-02 1.399704351086145659e-01
9.656167815566006896e-01 1.962055263764898860e-02 1.400733830449203687e-01
9.641489755778321902e-01 1.965741474121681515e-02 1.402049027003578752e-01
9.626834007682318894e-01 1.955972831380845683e-02 1.398560985935488610e-01
9.612200537362641795e-01 1.963879861038359681e-02 1.401384979596384806e-01
9.597589310955495501e-01 1.958147641831912977e-02 1.399338287131425829e-01
9.583000294648554851e-01 1.963208122701813607e-02 1.401145289647655889e-01
9.568433454680892458e-01 1.968002450876229353e-02 1.402855106871778723e-01
9.553888757342896554e-01 1.966665556821802288e-02 1.402378535496676126e-01
9.539366168976203264e-01 1.950060101449158437e-02 1.396445523981926784e-01
9.524865655973608902e-01 1.958207167322598835e-02 1.399359556126515691e-01
9.510387184778991143e-01 1.963362330625315066e-02 1.401200317808026785e-01
9.495930721887243520e-01 1.958074190919405211e-02 1.399312042011861268e-01
9.481496233844181054e-01 1.963116386954497083e-02 1.401112553278464068e-01
9.467083687246479196e-01 1.939945676528283258e-02 1.392819326592032725e-01
9.452693048741583892e-01 1.947929741095597023e-02 1.395682535928424173e-01
9.438324285027638316e-01 1.954951515456014241e-02 1.398195807265925905e-01
9.423977362853410700e-01 1.968903915030140173e-02 1.403176366331096714e-01
9.409652249018212178e-01 1.970798394091845956e-02 1.403851272069746581e-01
9.395348910371822404e-01 1.967002866700496427e-02 1.402498793832100410e-01
9.381067313814407393e-01 1.970687420443768822e-02 1.403811746796474469e-01
9.366807426296451800e-01 1.970734883673749827e-02 1.403828651821065199e-01
9.352569214818677867e-01 1.984202351212131787e-02 1.408617176954807537e-01
9.338352646431963278e-01 1.966935394873011583e-02 1.402474739477689025e-01
9.324157688237278974e-01 1.985653570077600127e-02 1.409132204613037787e-01
9.309984307385598123e-01 1.975933027861426564e-02 1.405678849475023862e-01
9.295832471077831727e-01 1.977028219020678795e-02 1.406068355031389883e-01
9.281702146564742018e-01 1.986623285562536673e-02 1.409476245121760452e-01
9.267593301146880291e-01 1.959892863882261443e-02 1.399961736577918503e-01
9.253505902174492537e-01 1.936852812186753980e-02 1.391708594565239376e-01
9.239439917047467254e-01 1.929884487135935522e-02 1.389202824333414521e-01
9.225395313215238868e-01 1.925885446047152783e-02 1.387762748472213814e-01
9.211372058176720001e-01 1.928063962778960028e-02 1.388547429070739470e-01
9.197370119480234862e-01 1.950196140997939587e-02 1.396494232353982790e-01
9.183389464723428208e-01 1.939056436465217900e-02 1.392500066953397952e-01
9.169430061553206501e-01 1.933581659261527502e-02 1.390532868817392353e-01
9.155491877665649092e-01 1.956986986260870337e-02 1.398923509796325682e-01
9.141574880805940495e-01 1.940684203927129509e-02 1.393084420962035497e-01
9.127679038768299336e-01 1.932682743187619581e-02 1.390209604048115999e-01
9.113804319395891751e-01 1.928301134132436728e-02 1.388632829128145230e-01
9.099950690580771440e-01 1.926141488374957453e-02 1.387854995442592276e-01
9.086118120263795284e-01 1.927404152451795902e-02 1.388309818611031810e-01
9.072306576434553405e-01 1.932849097244299791e-02 1.390269433327331605e-01
9.058516027131293669e-01 1.932733820695387364e-02 1.390227974360819518e-01
9.044746440440846191e-01 1.929581861992356318e-02 1.389093899631107243e-01
9.030997784498553393e-01 1.934075217776818484e-02 1.390710328492895942e-01
9.017270027488196726e-01 1.932374762024723774e-02 1.390098831747125785e-01
9.003563137641915626e-01 1.936345490140592429e-02 1.391526316725843482e-01
8.989877083240138678e-01 1.947000860731421326e-02 1.395349727033126652e-01
8.976211832611517005e-01 1.929455687703022712e-02 1.389048482848249111e-01
8.962567354132838782e-01 1.928712511539980648e-02 1.388780944404113260e-01
8.948943616228960396e-01 1.942273594108592447e-02 1.393654761448685497e-01
8.935340587372743171e-01 1.933495404415308538e-02 1.390501853438285973e-01
8.921758236084961213e-01 1.942915138580861983e-02 1.393884908656687349e-01
8.908196530934247015e-01 1.931258588555316569e-02 1.389697301053476330e-01
8.894655440537005964e-01 1.927953886138586426e-02 1.388507791169565631e-01
8.881134933557351951e-01 1.924978859265838102e-02 1.387436073938485281e-01
8.867634978707031879e-01 1.926211811292318637e-02 1.387880330321140665e-01
8.854155544745350159e-01 1.926057684894662975e-02 1.387824803386458750e-01
8.840696600479103218e-01 1.926374275286116960e-02 1.387938858626746874e-01
8.827258114762496222e-01 1.926959325583208621e-02 1.388149604899705514e-01
8.813840056497090902e-01 1.927366517791178138e-02 1.388296264415912751e-01
8.800442394631706744e-01 1.926933746613557208e-02 1.388140391535941653e-01
8.787065098162369914e-01 1.927454252347996638e-02 1.388327861979293532e-01
8.773708136132236657e-01 1.928483182452922495e-02 1.388698377061384215e-01
8.760371477631515580e-01 1.928364488082379147e-02 1.388655640568380589e-01
8.747055091797404369e-01 1.929399126379743867e-02 1.389028122962146505e-01
8.733758947814009854e-01 1.929036622880542923e-02 1.388897628653941729e-01
8.720483014912284725e-01 1.930112436509685836e-02 1.389284865140942293e-01
8.707227262369953147e-01 1.930855878650095808e-02 1.389552402268477149e-01
8.693991659511435266e-01 1.930301633887649554e-02 1.389352955115311650e-01
8.680776175707783926e-01 1.931670898491853056e-02 1.389845638368467640e-01
8.667580780376609173e-01 1.931732841836182255e-02 1.389867922443057957e-01
8.654405442982009422e-01 1.932244219928591286e-02 1.390051876704100353e-01
8.641250133034497072e-01 1.933018458640447385e-02 1.390330341552124538e-01
8.628114820090934112e-01 1.933284833181300733e-02 1.390426133665970954e-01
8.614999473754455517e-01 1.932575560108738474e-02 1.390171054262294148e-01
8.601904063674401524e-01 1.933772572370786452e-02 1.390601514586686516e-01
8.588828559546251018e-01 1.934778279663746520e-02 1.390963076312145275e-01
8.575772931111544928e-01 1.934241846291845368e-02 1.390770234902891922e-01
8.562737148157819611e-01 1.935518787586682637e-02 1.391229236174499895e-01
8.549721180518535801e-01 1.935620569506273786e-02 1.391265815545783269e-01
8.536724998073010884e-01 1.936422491970282017e-02 1.391553984569151303e-01
8.523748570746350062e-01 1.938640524229647000e-02 1.392350718831159573e-01
8.510791868509367530e-01 1.937287145717176209e-02 1.391864629091915662e-01
8.497854861378532076e-01 1.938489387667627697e-02 1.392296443889600444e-01
8.484937519415882701e-01 1.938612916459330968e-02 1.392340804709583657e-01
8.472039812728971997e-01 1.938824286694367655e-02 1.392416707273497201e-01
8.459161711470787326e-01 1.943406636408499810e-02 1.394061202533267430e-01
8.446303185839686423e-01 1.942128158907886759e-02 1.393602582843432858e-01
8.433464206079327452e-01 1.945460678986373274e-02 1.394797719738017638e-01
8.420644742478602396e-01 1.941827409753097908e-02 1.393494675179312581e-01
8.407844765371563778e-01 1.947951790223801521e-02 1.395690434954614811e-01
8.395064245137362491e-01 1.939921485121817377e-02 1.392810642234549312e-01
8.382303152200166751e-01 1.947693455181772476e-02 1.395597884485990647e-01
8.369561457029111029e-01 1.945033002535206251e-02 1.394644400030060072e-01
8.356839130138214999e-01 1.950506598097221170e-02 1.396605383813631640e-01
8.344136142086319152e-01 1.948406850499764809e-02 1.395853448790296547e-01
8.331452463477015957e-01 1.944893790657520327e-02 1.394594489684194971e-01
8.318788064958586581e-01 1.948986668992215218e-02 1.396061126524270612e-01
8.306142917223919842e-01 1.949322440869002970e-02 1.396181378213089685e-01
8.293516991010465578e-01 1.947184536637647928e-02 1.395415542638696604e-01
8.280910257100145833e-01 1.945514004197168925e-02 1.394816835357663987e-01
8.268322686319298231e-01 1.948613207526682378e-02 1.395927364703007101e-01
8.255754249538609368e-01 1.946249008795377863e-02 1.395080287580388045e-01
8.243204917673039311e-01 1.948481022886280542e-02 1.395880017367639170e-01
8.230674661681764981e-01 1.954396627137412051e-02 1.397997363065257015e-01
8.218163452568103544e-01 1.947411517456900873e-02 1.395496871174171094e-01
8.205671261379450243e-01 1.947665690967994440e-02 1.395587937382662680e-01
8.193198059207211781e-01 1.948802711182336458e-02 1.395995240386705694e-01
8.180743817186735267e-01 1.955640026746405247e-02 1.398441999779184708e-01
8.168308506497247157e-01 1.947614275139335563e-02 1.395569516412326627e-01
8.155892098361778864e-01 1.947229863518562532e-02 1.395431783900080991e-01
8.143494564047112361e-01 1.953948090565211029e-02 1.397836932751889694e-01
8.131115874863700244e-01 1.960378907106267304e-02 1.400135317426950410e-01
8.118756002165602448e-01 1.954681752485917801e-02 1.398099335700406509e-01
8.106414917350431848e-01 1.950737084830816981e-02 1.396687898147190576e-01
8.094092591859273211e-01 1.952861297252460673e-02 1.397448137589535344e-01
8.081788997176623246e-01 1.947827154979370201e-02 1.395645784208647266e-01
8.069504104830325097e-01 1.950494857872108606e-02 1.396601180678331278e-01
8.057237886391501736e-01 1.949022121106474409e-02 1.396073823659219892e-01
8.044990313474488230e-01 1.949818626525242141e-02 1.396359060745208935e-01
8.032761357736770691e-01 1.949686186050166720e-02 1.396311636437284343e-01
8.020550990878915210e-01 1.950974236715740870e-02 1.396772793519311384e-01
8.008359184644509021e-01 1.950633869313687235e-02 1.396650947557651901e-01
7.996185910820085008e-01 1.952073506313504667e-02 1.397166241473613846e-01
7.984031141235067297e-01 1.952092307156207476e-02 1.397172969662742736e-01
7.971894847761700209e-01 1.952198513911824682e-02 1.397210976879234567e-01
7.959777002314983863e-01 1.953174397770609041e-02 1.397560158909307571e-01
7.947677576852608672e-01 1.951897621766142399e-02 1.397103296741562528e-01
7.935596543374893175e-01 1.952743520597885821e-02 1.397405997052354742e-01
7.923533873924716309e-01 1.952998980288698713e-02 1.397497399027525511e-01
7.911489540587455238e-01 1.954067184130910129e-02 1.397879531336985448e-01
7.899463515490915411e-01 1.954496202274898925e-02 1.398032976104247316e-01
7.887455770805275046e-01 1.953544900122099540e-02 1.397692705898581911e-01
7.875466278743011861e-01 1.953584919835711295e-02 1.397707022174429492e-01
7.863495011558845338e-01 1.954576172861570427e-02 1.398061576920548443e-01
7.851541941549667891e-01 1.954484019969091393e-02 1.398028619152373309e-01
7.839607041054482695e-01 1.954436124808401481e-02 1.398011489512300531e-01
7.827690282454341508e-01 1.955027286917328938e-02 1.398222903158623243e-01
7.815791638172275846e-01 1.955196026006714854e-02 1.398283242410748028e-01
7.803911080673238132e-01 1.955585279093521867e-02 1.398422425125370183e-01
7.792048582464036199e-01 1.955937881784323290e-02 1.398548491037877317e-01
7.780204116093268896e-01 1.956279818400020673e-02 1.398670732660128591e-01
7.768377654151262801e-01 1.956698695855428258e-02 1.398820465912415933e-01
7.756569169270010056e-01 1.957023776172530510e-02 1.398936659099521418e-01
7.744778634123102856e-01 1.957491767711037542e-02 1.399103915980166868e-01
7.733006021425673504e-01 1.957878666813700139e-02 1.399242175898689766e-01
7.721251303934325572e-01 1.958211986553917358e-02 1.399361278067217940e-01
7.709514454447079501e-01 1.958620842484468105e-02 1.399507357066931690e-01
7.697795445803300440e-01 1.959057147639879648e-02 1.399663226508391090e-01
7.686094250883641621e-01 1.959408928498729274e-02 1.399788887117885683e-01
7.674410842609978856e-01 1.959854198747283671e-02 1.399947927155608118e-01
7.662745193945349476e-01 1.960325158643342822e-02 1.400116123270974677e-01
7.651097277893889048e-01 1.960657358476672676e-02 1.400234751203051908e-01
7.639467067500766984e-01 1.961022921364195121e-02 1.400365281404889473e-01
7.627854535852127693e-01 1.961298386755742224e-02 1.400463632785850787e-01
7.616259656075026196e-01 1.961748540051828915e-02 1.400624339375775851e-01
7.604682401337365949e-01 1.962004115256013939e-02 1.400715572575679524e-01
7.593122744847836669e-01 1.962615604083243342e-02 1.400933832871218698e-01
7.581580659855854387e-01 1.963002580103930667e-02 1.401071939660462617e-01
7.570056119651494830e-01 1.963743696177790501e-02 1.401336396507915638e-01
7.558549097565439023e-01 1.964268006198974931e-02 1.401523459025561524e-01
7.547059566968904454e-01 1.964573647793753375e-02 1.401632493842003280e-01
7.535587501273586231e-01 1.965003703231782417e-02 1.401785897786028690e-01
7.524132873931596022e-01 1.966278768095574420e-02 1.402240624178166528e-01
7.512695658435399881e-01 1.965899219344909715e-02 1.402105281120112623e-01
7.501275828317758299e-01 1.967221262505876311e-02 1.402576651205158231e-01
7.489873357151662914e-01 1.967995278664343498e-02 1.402852550578407576e-01
7.478488218550276567e-01 1.968305264386480471e-02 1.402963030299259339e-01
7.467120386166872237e-01 1.967704520258314188e-02 1.402748915614734637e-01
7.455769833694769755e-01 1.968407254940281875e-02 1.402999378096897731e-01
7.444436534867280297e-01 1.969272757885508901e-02 1.403307791571581364e-01
7.433120463457640881e-01 1.970461541796295069e-02 1.403731292589965318e-01
7.421821593278953300e-01 1.970595315340307671e-02 1.403778941051726792e-01
7.410539898184127505e-01 1.972215065011908436e-02 1.404355747313303926e-01
7.399275352065818323e-01 1.971544161400292164e-02 1.404116861732061239e-01
7.388027928856365500e-01 1.973193353522677621e-02 1.404704009221400818e-01
7.376797602527732645e-01 1.972857772476060978e-02 1.404584555118011113e-01
7.365584347091450601e-01 1.977368600355148415e-02 1.406189389931224165e-01
7.354388136598549730e-01 1.972835943520709692e-02 1.404576784487309438e-01
7.343208945139508836e-01 1.974507415294516482e-02 1.405171667553297976e-01
7.332046746844189666e-01 1.975913421777746384e-02 1.405671875573295537e-01
7.320901515881778066e-01 1.977307302142934306e-02 1.406167593902993562e-01
7.309773226460726248e-01 1.978659025498860635e-02 1.406648152701613086e-01
7.298661852828688401e-01 1.975098589929550133e-02 1.405382008540578265e-01
7.287567369272465179e-01 1.975990030740922693e-02 1.405699125254377679e-01
7.276489750117945965e-01 1.981025544250686332e-02 1.407489092053891000e-01
7.265428969730043374e-01 1.977938522675007360e-02 1.406392023112690848e-01
7.254385002512637737e-01 1.977829620241602915e-02 1.406353305624729044e-01
7.243357822908517152e-01 1.979255547670167106e-02 1.406860173460805219e-01
7.232347405399320861e-01 1.981114239129304691e-02 1.407520599895186186e-01
7.221353724505473748e-01 1.979263129031167551e-02 1.406862867884133006e-01
7.210376754786135267e-01 1.983013422500058340e-02 1.408195093905691142e-01
7.199416470839136162e-01 1.980184379145333989e-02 1.407190242698311833e-01
7.188472847300916291e-01 1.981188967692062985e-02 1.407547145815039036e-01
7.177545858846474669e-01 1.987805016277653658e-02 1.409895391962699418e-01
7.166635480189305074e-01 1.987590793643906339e-02 1.409819418806503022e-01
7.155741686081337205e-01 1.982541123358634236e-02 1.408027387289975396e-01
7.144864451312878950e-01 1.981864943729782363e-02 1.407787250876275931e-01
7.134003750712561986e-01 1.981898152035787078e-02 1.407799045331323828e-01
7.123159559147277387e-01 1.982213473773872595e-02 1.407911031909996891e-01
7.112331851522121218e-01 1.982682280931823138e-02 1.408077512401864628e-01
7.101520602780336811e-01 1.983006365723942108e-02 1.408192588293214198e-01
7.090725787903252586e-01 1.983782458602208892e-02 1.408468124808726074e-01
7.079947381910229876e-01 1.984596488900478711e-02 1.408757072351538853e-01
7.069185359858601858e-01 1.985224366747168762e-02 1.408979902889735680e-01
7.058439696843614719e-01 1.984609194412454564e-02 1.408761581820165421e-01
7.047710367998373249e-01 1.985602969020968875e-02 1.409114249811195818e-01
7.036997348493782001e-01 1.986393448929825098e-02 1.409394710125529415e-01
7.026300613538484230e-01 1.986089856693803307e-02 1.409287002953551471e-01
7.015620138378814152e-01 1.986535240026402263e-02 1.409445011352483401e-01
7.004955898298725891e-01 1.987131649252977389e-02 1.409656571386441459e-01
6.994307868619749069e-01 1.987422383297780121e-02 1.409759689910936586e-01
6.983676024700923302e-01 1.987785114868910810e-02 1.409888334184275227e-01
6.973060341938747131e-01 1.988131514021573149e-02 1.410011175140669926e-01
6.962460795767115851e-01 1.988759874275377107e-02 1.410233978556529044e-01
6.951877361657265997e-01 1.989242019374098253e-02 1.410404913269270311e-01
6.941310015117724275e-01 1.991116370386329659e-02 1.411069229480371723e-01
6.930758731694239838e-01 1.991200320085861897e-02 1.411098976006240902e-01
6.920223486969739879e-01 1.992075379214520991e-02 1.411409004936032274e-01
6.909704256564263014e-01 1.991722427306459597e-02 1.411283964093144327e-01
6.899201016134909326e-01 1.992336634308066595e-02 1.411501553066119297e-01
6.888713741375781519e-01 1.992876750036722336e-02 1.411692866751377562e-01
6.878242408017928300e-01 1.993451156409321162e-02 1.411896298036552366e-01
6.867786991829289978e-01 1.994010610494532237e-02 1.412094405659385099e-01
6.857347468614639618e-01 1.994615007738518436e-02 1.412308396823625245e-01
6.846923814215530868e-01 1.995231635919758259e-02 1.412526685029262818e-01
6.836516004510237998e-01 1.995831759031600761e-02 1.412739098004865412e-01
6.826124015413702617e-01 1.996414637295296918e-02 1.412945376614148096e-01
6.815747822877479267e-01 1.996989914628597568e-02 1.413148935756099733e-01
6.805387402889675474e-01 1.997559229502243391e-02 1.413350356246547701e-01
6.795042731474898456e-01 1.998119810481940178e-02 1.413548658689166015e-01
6.784713784694200722e-01 1.998651307364282537e-02 1.413736647103795707e-01
6.774400538645023451e-01 1.999181644385566656e-02 1.413924200367744910e-01
6.764102969461142090e-01 1.999702931596481631e-02 1.414108528931383446e-01
6.753821053312608624e-01 2.000220432525015579e-02 1.414291494892412626e-01
6.743554766405700507e-01 2.000736806419585456e-02 1.414474038793072097e-01
6.733304084982861815e-01 2.001227457093902179e-02 1.414647467425684257e-01
6.723068985322649960e-01 2.001741451025861734e-02 1.414829124320623188e-01
6.712849443739682398e-01 2.002280452010575182e-02 1.415019594214361187e-01
6.702645436584575567e-01 2.002852959561706933e-02 1.415221876442597504e-01
6.692456940243899366e-01 2.003415045092805241e-02 1.415420448168248357e-01
6.682283931140116096e-01 2.003975174402024967e-02 1.415618301097447962e-01
6.672126385731528275e-01 2.004591691443685653e-02 1.415836039746017350e-01
6.661984280512219803e-01 2.005203452204869924e-02 1.416052065499312784e-01
6.651857592012011544e-01 2.005809667677408217e-02 1.416266100588942367e-01
6.641746296796394722e-01 2.006369539598267665e-02 1.416463744540702174e-01
6.631650371466486504e-01 2.006915258811078906e-02 1.416656365817440810e-01
6.621569792658971165e-01 2.007527732606215198e-02 1.416872518120884106e-01
6.611504537046044572e-01 2.008396058610647378e-02 1.417178908469444998e-01
6.601454581335366445e-01 2.008731564640827902e-02 1.417297274618429526e-01
6.591419902269999298e-01 2.009413463097357855e-02 1.417537817166567848e-01
6.581400476628359586e-01 2.010127569124863997e-02 1.417789677323425812e-01
6.571396281224161084e-01 2.010855072358225248e-02 1.418046216580484131e-01
6.561407292906363820e-01 2.011617839111455586e-02 1.418315140972363497e-01
6.551433488559117446e-01 2.012458064415641873e-02 1.418611315482730117e-01
6.541474845101709068e-01 2.012764853232909545e-02 1.418719441338882059e-01
6.531531339488513277e-01 2.013342934656583982e-02 1.418923160236869319e-01
6.521602948708932201e-01 2.013985804610006827e-02 1.419149676605680199e-01
6.511689649787346656e-01 2.014495235001602380e-02 1.419329149634291909e-01
6.501791419783063963e-01 2.015166272172842776e-02 1.419565522324645335e-01
6.491908235790259107e-01 2.016214325019134723e-02 1.419934619980488533e-01
6.482040074937929219e-01 2.016911122067566869e-02 1.420179961155475235e-01
6.472186914389834733e-01 2.017989401244956946e-02 1.420559538085242324e-01
6.462348731344450536e-01 2.018646006613291494e-02 1.420790627296397712e-01
6.452525503034908239e-01 2.018991974488890118e-02 1.420912373965717290e-01
6.442717206728951762e-01 2.019641788818074893e-02 1.421141016513869648e-01
6.432923819728876280e-01 2.020237717065838379e-02 1.421350666466877910e-01
6.423145319371478257e-01 2.020938581277389318e-02 1.421597193749829235e-01
6.413381683028005487e-01 2.021803949888571761e-02 1.421901526087011314e-01
6.403632888104103804e-01 2.022659047883615738e-02 1.422202182491510425e-01
6.393898912039762683e-01 2.023463708186962889e-02 1.422485046735804115e-01
6.384179732309265276e-01 2.024263441679201303e-02 1.422766123324280263e-01
6.374475326421132904e-01 2.025104578277149570e-02 1.423061691662434458e-01
6.364785671918080645e-01 2.025923646890879018e-02 1.423349446513708094e-01
6.355110746376954056e-01 2.026740785482851470e-02 1.423636465353023961e-01
6.345450527408689201e-01 2.027566097683674434e-02 1.423926296436607841e-01
6.335804992658250478e-01 2.028494048253455528e-02 1.424252101368804480e-01
6.326174119804587326e-01 2.029369794221841383e-02 1.424559508838378341e-01
6.316557886560575374e-01 2.030180871414391519e-02 1.424844156886777291e-01
6.306956270672970932e-01 2.030969091728260234e-02 1.425120728825547689e-01
6.297369249922355472e-01 2.031813845617693598e-02 1.425417077776779673e-01
6.287796802123085671e-01 2.032748259244976374e-02 1.425744808598290725e-01
6.278238905123243452e-01 2.033675207147727509e-02 1.426069846517949435e-01
6.268695536804579360e-01 2.034566029570234608e-02 1.426382147101622477e-01
6.259166675082469267e-01 2.035597561794677546e-02 1.426743691696121530e-01
6.249652297905857745e-01 2.036652925255777111e-02 1.427113494174789554e-01
6.240152383257209223e-01 2.037665359952728350e-02 1.427468164251913529e-01
6.230666909152454691e-01 2.038622083067417531e-02 1.427803236817810906e-01
6.221195853640942852e-01 2.039549153821277119e-02 1.428127849256248250e-01
6.211739194805391273e-01 2.040489761237595026e-02 1.428457126146107092e-01
6.202296910761830873e-01 2.041396586985973205e-02 1.428774505296750152e-01
6.192868979659558182e-01 2.042265823624448903e-02 1.429078662504079666e-01
6.183455379681084274e-01 2.043358758680289058e-02 1.429461002853973928e-01
6.174056089042085915e-01 2.044745903365029205e-02 1.429946119042612429e-01
6.164671085991353383e-01 2.046085988802879424e-02 1.430414621290931609e-01
6.155300348810736066e-01 2.047339502808766254e-02 1.430852718769044518e-01
6.145943855815102497e-01 2.048517625419393404e-02 1.431264345052790654e-01
6.136601585352280397e-01 2.049618827861788423e-02 1.431648989054855048e-01
6.127273515803012272e-01 2.050672811591549086e-02 1.432017043052054295e-01
6.117959625580902117e-01 2.051668469792169991e-02 1.432364642747149808e-01
6.108659893132366570e-01 2.052940782229683431e-02 1.432808703990062771e-01
6.099374296936586060e-01 2.054618751071295851e-02 1.433394136680939401e-01
6.090102815505454847e-01 2.056222638750181825e-02 1.433953499507631124e-01
6.080845427383528845e-01 2.057702110324155162e-02 1.434469278278261151e-01
6.071602111147980096e-01 2.059126016358513514e-02 1.434965510511842790e-01
6.062372845408542377e-01 2.060687373329628952e-02 1.435509447314655962e-01
6.053157608807463452e-01 2.062216069823387399e-02 1.436041806433011603e-01
6.043956380019462893e-01 2.063619814285698809e-02 1.436530478021854906e-01
6.034769137751668788e-01 2.065613073553881213e-02 1.437224086061001660e-01
6.025595860743577781e-01 2.068046198541146491e-02 1.438070303754704071e-01
