2.754228703338166273e+00 2.121496892865247161e-02 2.000000000000000164e-05
2.750042080409826006e+00 2.123131070943962834e-02 2.000000000000000164e-05
2.745861821445204409e+00 2.139949463288664741e-02 2.000000000000000164e-05
2.741687916770627176e+00 2.138252171422364706e-02 2.000000000000000164e-05
2.737520356727122017e+00 2.172692189892923634e-02 2.000000000000000164e-05
2.733359131670399567e+00 2.148137852336711937e-02 2.000000000000000164e-05
2.729204231970832062e+00 2.141883399952049585e-02 2.000000000000000164e-05
2.725055648013425813e+00 2.153662403086353816e-02 2.000000000000000164e-05
2.720913370197807435e+00 2.151561175764604705e-02 2.000000000000000164e-05
2.716777388938192761e+00 2.166594101369014730e-02 2.000000000000000164e-05
2.712647694663369968e+00 2.166235046487152011e-02 2.000000000000000164e-05
2.708524277816677817e+00 2.159406302053708954e-02 2.000000000000000164e-05
2.704407128855978559e+00 2.171727895427727484e-02 2.000000000000000164e-05
2.700296238253642400e+00 2.156315929977365917e-02 2.000000000000000164e-05
2.696191596496520848e+00 2.188430543299511172e-02 2.000000000000000164e-05
2.692093194085924956e+00 2.175421255653076091e-02 2.000000000000000164e-05
2.688001021537606672e+00 2.163368957351135408e-02 2.000000000000000164e-05
2.683915069381732632e+00 2.156670996716432420e-02 2.000000000000000164e-05
2.679835328162866848e+00 2.151487794981860394e-02 2.000000000000000164e-05
2.675761788439943167e+00 2.147107820107881093e-02 2.000000000000000164e-05
2.671694440786247959e+00 2.156117441544721375e-02 2.000000000000000164e-05
2.667633275789397906e+00 2.135433322305769349e-02 2.000000000000000164e-05
2.663578284051315581e+00 2.128461949397783548e-02 2.000000000000000164e-05
2.659529456188210350e+00 2.109772647934629597e-02 2.000000000000000164e-05
2.655486782830554837e+00 2.129712402520489087e-02 2.000000000000000164e-05
2.651450254623063607e+00 2.073100105688473194e-02 2.000000000000000164e-05
2.647419862224674514e+00 2.056345392847322082e-02 2.000000000000000164e-05
2.643395596308520279e+00 2.097576755902132162e-02 2.000000000000000164e-05
2.639377447561916057e+00 2.070734621618678523e-02 2.000000000000000164e-05
2.635365406686328793e+00 2.061986876746629144e-02 2.000000000000000164e-05
2.631359464397361236e+00 2.077802186921981487e-02 2.000000000000000164e-05
2.627359611424730179e+00 2.055737798497563398e-02 2.000000000000000164e-05
2.623365838512242920e+00 2.051911524855936156e-02 2.000000000000000164e-05
2.619378136417775949e+00 2.082475611751388733e-02 2.000000000000000164e-05
2.615396495913256292e+00 2.065095233997516280e-02 2.000000000000000164e-05
2.611420907784637091e+00 2.057528652233499636e-02 2.000000000000000164e-05
2.607451362831878061e+00 2.067799018171595504e-02 2.000000000000000164e-05
2.603487851868923286e+00 2.058031675915058395e-02 2.000000000000000164e-05
2.599530365723679903e+00 2.088650042000896045e-02 2.000000000000000164e-05
2.595578895237998562e+00 2.077954350673016926e-02 2.000000000000000164e-05
2.591633431267649446e+00 2.053836688309287548e-02 2.000000000000000164e-05
2.587693964682304060e+00 2.055533691322600220e-02 2.000000000000000164e-05
2.583760486365511699e+00 2.089636163846669142e-02 2.000000000000000164e-05
2.579832987214679019e+00 2.047979265803425222e-02 2.000000000000000164e-05
2.575911458141050492e+00 2.098737409683873456e-02 2.000000000000000164e-05
2.571995890069684432e+00 2.055900219682822716e-02 2.000000000000000164e-05
2.568086273939436115e+00 2.069092979113311068e-02 2.000000000000000164e-05
2.564182600702932024e+00 2.076126867956504252e-02 2.000000000000000164e-05
2.560284861326552086e+00 2.072742067602780305e-02 2.000000000000000164e-05
2.556393046790409240e+00 2.060045787055073824e-02 2.000000000000000164e-05
2.552507148088325017e+00 2.058096038326861360e-02 2.000000000000000164e-05
2.548627156227813106e+00 2.073768843857484029e-02 2.000000000000000164e-05
2.544753062230054930e+00 2.077336775690931392e-02 2.000000000000000164e-05
2.540884857129880547e+00 2.068881180767240258e-02 2.000000000000000164e-05
2.537022531975749118e+00 2.074619753934673488e-02 2.000000000000000164e-05
2.533166077829724472e+00 2.040151161391495771e-02 2.000000000000000164e-05
2.529315485767459126e+00 2.077469602734834109e-02 2.000000000000000164e-05
2.525470746878169859e+00 2.072140574226549389e-02 2.000000000000000164e-05
2.521631852264617724e+00 2.028768337424568385e-02 2.000000000000000164e-05
2.517798793043090289e+00 2.056040616403714480e-02 2.000000000000000164e-05
2.513971560343377210e+00 2.071384723919747484e-02 2.000000000000000164e-05
2.510150145308752911e+00 2.072771680104707609e-02 2.000000000000000164e-05
2.506334539095953495e+00 2.057720475658892864e-02 2.000000000000000164e-05
2.502524732875157198e+00 2.056877962499444393e-02 2.000000000000000164e-05
2.498720717829966631e+00 2.047327403299193868e-02 2.000000000000000164e-05
2.494922485157382130e+00 2.041114717486749650e-02 2.000000000000000164e-05
2.491130026067789327e+00 2.061743852441863534e-02 2.000000000000000164e-05
2.487343331784931166e+00 2.043477213093498196e-02 2.000000000000000164e-05
2.483562393545893254e+00 2.036494462789468010e-02 2.000000000000000164e-05
2.479787202601080764e+00 2.066131956195716574e-02 2.000000000000000164e-05
2.476017750214199342e+00 2.048042243313829419e-02 2.000000000000000164e-05
2.472254027662232900e+00 2.028601135744431683e-02 2.000000000000000164e-05
2.468496026235427632e+00 2.037902327038733363e-02 2.000000000000000164e-05
2.464743737237265808e+00 2.037410142256619594e-02 2.000000000000000164e-05
2.460997151984452458e+00 2.051587792471232935e-02 2.000000000000000164e-05
2.457256261806889608e+00 2.024412878697553694e-02 2.000000000000000164e-05
2.453521058047658521e+00 2.041931871484038014e-02 2.000000000000000164e-05
2.449791532063001043e+00 2.016199769898662647e-02 2.000000000000000164e-05
2.446067675222296067e+00 2.040807893819174962e-02 2.000000000000000164e-05
2.442349478908043992e+00 2.030824915207062042e-02 2.000000000000000164e-05
2.438636934515842736e+00 2.020575938338537575e-02 2.000000000000000164e-05
2.434930033454369536e+00 2.021202289701759525e-02 2.000000000000000164e-05
2.431228767145362735e+00 2.028274956459431497e-02 2.000000000000000164e-05
2.427533127023597359e+00 2.035854111256550289e-02 2.000000000000000164e-05
2.423843104536871351e+00 2.026337020864648134e-02 2.000000000000000164e-05
2.420158691145980701e+00 2.027102477489830731e-02 2.000000000000000164e-05
2.416479878324701236e+00 2.022897378025851137e-02 2.000000000000000164e-05
2.412806657559771306e+00 2.039300757285195803e-02 2.000000000000000164e-05
2.409139020350867355e+00 2.035672226604644253e-02 2.000000000000000164e-05
2.405476958210589267e+00 2.021633838963596969e-02 2.000000000000000164e-05
2.401820462664437272e+00 2.021031357319597391e-02 2.000000000000000164e-05
2.398169525250792411e+00 2.024062383991796776e-02 2.000000000000000164e-05
2.394524137520901874e+00 2.020777264022159680e-02 2.000000000000000164e-05
2.390884291038849252e+00 2.016410371274756155e-02 2.000000000000000164e-05
2.387249977381548760e+00 2.023989640525176992e-02 2.000000000000000164e-05
2.383621188138711489e+00 2.028693115772148628e-02 2.000000000000000164e-05
2.379997914912836521e+00 2.015625532358125346e-02 2.000000000000000164e-05
2.376380149319187396e+00 2.022813983867794568e-02 2.000000000000000164e-05
2.372767882985771681e+00 2.022183850618014533e-02 2.000000000000000164e-05
2.369161107553325429e+00 2.018461954318447396e-02 2.000000000000000164e-05
2.365559814675288752e+00 2.019498323134259754e-02 2.000000000000000164e-05
2.361963996017790279e+00 2.021429517359404557e-02 2.000000000000000164e-05
2.358373643259626729e+00 2.013644679801179088e-02 2.000000000000000164e-05
2.354788748092243367e+00 2.011316684963827123e-02 2.000000000000000164e-05
2.351209302219714470e+00 2.016833149512138254e-02 2.000000000000000164e-05
2.347635297358727335e+00 2.016933941395206153e-02 2.000000000000000164e-05
2.344066725238556970e+00 2.020089557234406794e-02 2.000000000000000164e-05
2.340503577601053209e+00 2.021529090102620538e-02 2.000000000000000164e-05
2.336945846200617183e+00 2.012007785947176469e-02 2.000000000000000164e-05
2.333393522804183995e+00 2.008277814174459081e-02 2.000000000000000164e-05
2.329846599191205403e+00 2.014012239956898195e-02 2.000000000000000164e-05
2.326305067153625838e+00 2.011795475867218450e-02 2.000000000000000164e-05
2.322768918495870860e+00 2.018095498690657824e-02 2.000000000000000164e-05
2.319238145034819620e+00 2.013943341903003115e-02 2.000000000000000164e-05
2.315712738599791987e+00 2.015582572407713727e-02 2.000000000000000164e-05
2.312192691032528113e+00 2.019317320153728168e-02 2.000000000000000164e-05
2.308677994187168903e+00 2.015712040049399620e-02 2.000000000000000164e-05
2.305168639930238683e+00 2.013795373841804903e-02 2.000000000000000164e-05
2.301664620140623008e+00 2.017286383707871458e-02 2.000000000000000164e-05
2.298165926709553997e+00 2.021215009020097333e-02 2.000000000000000164e-05
2.294672551540588135e+00 2.010545919047423968e-02 2.000000000000000164e-05
2.291184486549589838e+00 2.008430972334318554e-02 2.000000000000000164e-05
2.287701723664713693e+00 2.015664149287577089e-02 2.000000000000000164e-05
2.284224254826381362e+00 2.009669992858984650e-02 2.000000000000000164e-05
2.280752071987265595e+00 2.014653907411002517e-02 2.000000000000000164e-05
2.277285167112275133e+00 2.010653970079762445e-02 2.000000000000000164e-05
2.273823532178528062e+00 2.010618828074068817e-02 2.000000000000000164e-05
2.270367159175341598e+00 2.008284732585381704e-02 2.000000000000000164e-05
2.266916040104207219e+00 2.006311629373517050e-02 2.000000000000000164e-05
2.263470166978775566e+00 2.013881105359752524e-02 2.000000000000000164e-05
2.260029531824838678e+00 2.010265719523129241e-02 2.000000000000000164e-05
2.256594126680305568e+00 2.004980475169107143e-02 2.000000000000000164e-05
2.253163943595194674e+00 2.005780712646587985e-02 2.000000000000000164e-05
2.249738974631603217e+00 2.003943076213991759e-02 2.000000000000000164e-05
2.246319211863696541e+00 2.013345447192954954e-02 2.000000000000000164e-05
2.242904647377689020e+00 2.007158178131900755e-02 2.000000000000000164e-05
2.239495273271822740e+00 2.003553551470793614e-02 2.000000000000000164e-05
2.236091081656352397e+00 2.003776687135784204e-02 2.000000000000000164e-05
2.232692064653525321e+00 2.004022840532196717e-02 2.000000000000000164e-05
2.229298214397562816e+00 2.005340710619911426e-02 2.000000000000000164e-05
2.225909523034643733e+00 2.006324439873761675e-02 2.000000000000000164e-05
2.222525982722884486e+00 2.007289957940996961e-02 2.000000000000000164e-05
2.219147585632321729e+00 2.004342249372146473e-02 2.000000000000000164e-05
2.215774323944895485e+00 2.007265989788858257e-02 2.000000000000000164e-05
2.212406189854427829e+00 2.000615515508461298e-02 2.000000000000000164e-05
2.209043175566608674e+00 2.002210476131579403e-02 2.000000000000000164e-05
2.205685273298974458e+00 2.005759925400154436e-02 2.000000000000000164e-05
2.202332475280892155e+00 2.001635961829322657e-02 2.000000000000000164e-05
2.198984773753540622e+00 2.001962381737752011e-02 2.000000000000000164e-05
2.195642160969891954e+00 2.000524055195864945e-02 2.000000000000000164e-05
2.192304629194695931e+00 2.000288621691381774e-02 2.000000000000000164e-05
2.188972170704458708e+00 2.001300800480722980e-02 2.000000000000000164e-05
2.185644777787427273e+00 2.001919222363157669e-02 2.000000000000000164e-05
2.182322442743571678e+00 1.999293936319318510e-02 2.000000000000000164e-05
2.179005157884565058e+00 2.001972225270451378e-02 2.000000000000000164e-05
2.175692915533770311e+00 2.002678488293557768e-02 2.000000000000000164e-05
2.172385708026215667e+00 2.000621301806562377e-02 2.000000000000000164e-05
2.169083527708582260e+00 2.002075283908935632e-02 2.000000000000000164e-05
2.165786366939186358e+00 2.001988710093276225e-02 2.000000000000000164e-05
2.162494218087957165e+00 2.001233538362989089e-02 2.000000000000000164e-05
2.159207073536425270e+00 2.004601038550589409e-02 2.000000000000000164e-05
2.155924925677699111e+00 2.001741990496048312e-02 2.000000000000000164e-05
2.152647766916451211e+00 2.004874947727238940e-02 2.000000000000000164e-05
2.149375589668900854e+00 2.005173818151403942e-02 2.000000000000000164e-05
2.146108386362792331e+00 2.001582367169807419e-02 2.000000000000000164e-05
2.142846149437383385e+00 2.009282331309687059e-02 2.000000000000000164e-05
2.139588871343422571e+00 2.006747360502181277e-02 2.000000000000000164e-05
2.136336544543134153e+00 2.003873383176859105e-02 2.000000000000000164e-05
2.133089161510201226e+00 2.005224376183663976e-02 2.000000000000000164e-05
2.129846714729746626e+00 2.013641132277737070e-02 2.000000000000000164e-05
2.126609196698316939e+00 2.005955791776674324e-02 2.000000000000000164e-05
2.123376599923863406e+00 2.006238209517676591e-02 2.000000000000000164e-05
2.120148916925726823e+00 2.013427572101887317e-02 2.000000000000000164e-05
2.116926140234618892e+00 2.013954532595034139e-02 2.000000000000000164e-05
2.113708262392604897e+00 2.013944509122621990e-02 2.000000000000000164e-05
2.110495275953086836e+00 2.009096496164740342e-02 2.000000000000000164e-05
2.107287173480786535e+00 2.011028864906172151e-02 2.000000000000000164e-05
2.104083947551726563e+00 2.011578559272853353e-02 2.000000000000000164e-05
2.100885590753216015e+00 2.013886839711810997e-02 2.000000000000000164e-05
2.097692095683831415e+00 2.023267015487269921e-02 2.000000000000000164e-05
2.094503454953398958e+00 2.014135951652772788e-02 2.000000000000000164e-05
2.091319661182980294e+00 2.016152789112182070e-02 2.000000000000000164e-05
2.088140707004851215e+00 2.016018640695711045e-02 2.000000000000000164e-05
2.084966585062489219e+00 2.021551903569774461e-02 2.000000000000000164e-05
2.081797288010553526e+00 2.008449748022986953e-02 2.000000000000000164e-05
2.078632808514867314e+00 2.008090728262205971e-02 2.000000000000000164e-05
2.075473139252404842e+00 2.012588559524249032e-02 2.000000000000000164e-05
2.072318272911269244e+00 2.018019650071247936e-02 2.000000000000000164e-05
2.069168202190680539e+00 2.019331176645417641e-02 2.000000000000000164e-05
2.066022919800955648e+00 2.010736876197291925e-02 2.000000000000000164e-05
2.062882418463490630e+00 2.031661125751502150e-02 2.000000000000000164e-05
2.059746690910748690e+00 2.016195548077561600e-02 2.000000000000000164e-05
2.056615729886237087e+00 2.025590794024228689e-02 2.000000000000000164e-05
2.053489528144496479e+00 2.035779607545568429e-02 2.000000000000000164e-05
2.050368078451078713e+00 2.022299631619527485e-02 2.000000000000000164e-05
2.047251373582533063e+00 2.034101043729358640e-02 2.000000000000000164e-05
2.044139406326389796e+00 2.034003037731411945e-02 2.000000000000000164e-05
2.041032169481141967e+00 2.036161116021444756e-02 2.000000000000000164e-05
2.037929655856229871e+00 2.047025268313731883e-02 2.000000000000000164e-05
2.034831858272023286e+00 2.046661208061308773e-02 2.000000000000000164e-05
2.031738769559805480e+00 2.061558891613849559e-02 2.000000000000000164e-05
2.028650382561758114e+00 2.057990514510883370e-02 2.000000000000000164e-05
2.025566690130941705e+00 2.047938030468864773e-02 2.000000000000000164e-05
2.022487685131281410e+00 2.038372028315663456e-02 2.000000000000000164e-05
2.019413360437549709e+00 2.042820748323732546e-02 2.000000000000000164e-05
2.016343708935349088e+00 2.057982807229651739e-02 2.000000000000000164e-05
2.013278723521097380e+00 2.063741473347869074e-02 2.000000000000000164e-05
2.010218397102009558e+00 2.063378006739858758e-02 2.000000000000000164e-05
2.007162722596083970e+00 2.057170077323299678e-02 2.000000000000000164e-05
2.004111692932081468e+00 2.053389441522728703e-02 2.000000000000000164e-05
2.001065301049512968e+00 2.064795594993141387e-02 2.000000000000000164e-05
1.998023539898622358e+00 2.052788474836537286e-02 2.000000000000000164e-05
1.994986402440369178e+00 2.043012413893019810e-02 2.000000000000000164e-05
1.991953881646412627e+00 2.037289027982766912e-02 2.000000000000000164e-05
1.988925970499095364e+00 2.014740320359860448e-02 2.000000000000000164e-05
1.985902661991427731e+00 2.030288760649901630e-02 2.000000000000000164e-05
1.982883949127071332e+00 2.037033959292467583e-02 2.000000000000000164e-05
1.979869824920322374e+00 2.053007156142946238e-02 2.000000000000000164e-05
1.976860282396095236e+00 2.041426540867140316e-02 2.000000000000000164e-05
1.973855314589909149e+00 2.028672984785031067e-02 2.000000000000000164e-05
1.970854914547866432e+00 2.046506117759451168e-02 2.000000000000000164e-05
1.967859075326643392e+00 2.044660785851638851e-02 2.000000000000000164e-05
1.964867789993467895e+00 2.078545141127101370e-02 2.000000000000000164e-05
1.961881051626107597e+00 2.045920073273112261e-02 2.000000000000000164e-05
1.958898853312851962e+00 2.031315864006364574e-02 2.000000000000000164e-05
1.955921188152496049e+00 2.048652389483190950e-02 2.000000000000000164e-05
1.952948049254327856e+00 2.060346309972881096e-02 2.000000000000000164e-05
1.949979429738106340e+00 2.068602361440889312e-02 2.000000000000000164e-05
1.947015322734050979e+00 2.062184303267409688e-02 2.000000000000000164e-05
1.944055721382823343e+00 2.047421074349885933e-02 2.000000000000000164e-05
1.941100618835511327e+00 2.061659057397801156e-02 2.000000000000000164e-05
1.938150008253614720e+00 2.061673902710760287e-02 2.000000000000000164e-05
1.935203882809026776e+00 2.040649073150474849e-02 2.000000000000000164e-05
1.932262235684021112e+00 2.041642453317639438e-02 2.000000000000000164e-05
1.929325060071234388e+00 2.033796931456884755e-02 2.000000000000000164e-05
1.926392349173650320e+00 2.019867259087691422e-02 2.000000000000000164e-05
1.923464096204586804e+00 2.046860163972217400e-02 2.000000000000000164e-05
1.920540294387675040e+00 2.046628933807365450e-02 2.000000000000000164e-05
1.917620936956848210e+00 2.027222519016448274e-02 2.000000000000000164e-05
1.914706017156325268e+00 2.012843213538004911e-02 2.000000000000000164e-05
1.911795528240591624e+00 2.028007525872112943e-02 2.000000000000000164e-05
1.908889463474390258e+00 2.009407504554474103e-02 2.000000000000000164e-05
1.905987816132699297e+00 2.028864522434574436e-02 2.000000000000000164e-05
1.903090579500720025e+00 2.009315562157449470e-02 2.000000000000000164e-05
1.900197746873861560e+00 2.037617020856156286e-02 2.000000000000000164e-05
1.897309311557723088e+00 2.037529922784512768e-02 2.000000000000000164e-05
1.894425266868080771e+00 2.016576154250914604e-02 2.000000000000000164e-05
1.891545606130871082e+00 2.030218781496172936e-02 2.000000000000000164e-05
1.888670322682175717e+00 2.037554253440045093e-02 2.000000000000000164e-05
1.885799409868205601e+00 2.031680254098241351e-02 2.000000000000000164e-05
1.882932861045285122e+00 2.033890303302123351e-02 2.000000000000000164e-05
1.880070669579840370e+00 2.038746417239655981e-02 2.000000000000000164e-05
1.877212828848376924e+00 2.050994331672155446e-02 2.000000000000000164e-05
1.874359332237472087e+00 2.047060107290105818e-02 2.000000000000000164e-05
1.871510173143754452e+00 2.034017185614155065e-02 2.000000000000000164e-05
1.868665344973888809e+00 2.057655066628361062e-02 2.000000000000000164e-05
1.865824841144566149e+00 2.030792068424873073e-02 2.000000000000000164e-05
1.862988655082480127e+00 2.035576484957841298e-02 2.000000000000000164e-05
1.860156780224319517e+00 2.071570118258413487e-02 2.000000000000000164e-05
1.857329210016749110e+00 2.068093135198773372e-02 2.000000000000000164e-05
1.854505937916392622e+00 2.046037071064380625e-02 2.000000000000000164e-05
1.851686957389824917e+00 2.032923341368706588e-02 2.000000000000000164e-05
1.848872261913547810e+00 2.035977671866689293e-02 2.000000000000000164e-05
1.846061844973981403e+00 2.015732611759432288e-02 2.000000000000000164e-05
1.843255700067447433e+00 2.044536446366479812e-02 2.000000000000000164e-05
1.840453820700150622e+00 2.033364467779051263e-02 2.000000000000000164e-05
1.837656200388171568e+00 2.025941552381448074e-02 2.000000000000000164e-05
1.834862832657442322e+00 2.035095722136093938e-02 2.000000000000000164e-05
1.832073711043738173e+00 2.059801565121600203e-02 2.000000000000000164e-05
1.829288829092660551e+00 1.998068879572210965e-02 2.000000000000000164e-05
1.826508180359621036e+00 2.032637017415610259e-02 2.000000000000000164e-05
1.823731758409828929e+00 2.022556128073484810e-02 2.000000000000000164e-05
1.820959556818273484e+00 2.035262398225498939e-02 2.000000000000000164e-05
1.818191569169710586e+00 2.025084144259852587e-02 2.000000000000000164e-05
1.815427789058648766e+00 2.009706384401564044e-02 2.000000000000000164e-05
1.812668210089331655e+00 2.022331118729094740e-02 2.000000000000000164e-05
1.809912825875727327e+00 2.019247556362452345e-02 2.000000000000000164e-05
1.807161630041508538e+00 2.051962293638898843e-02 2.000000000000000164e-05
1.804414616220041623e+00 2.020496351855121525e-02 2.000000000000000164e-05
1.801671778054371620e+00 2.049794807578128597e-02 2.000000000000000164e-05
1.798933109197204505e+00 2.028418280396546841e-02 2.000000000000000164e-05
1.796198603310896535e+00 2.027240172963868173e-02 2.000000000000000164e-05
1.793468254067436707e+00 2.012828443178040633e-02 2.000000000000000164e-05
1.790742055148432321e+00 2.011496168671276022e-02 2.000000000000000164e-05
1.788020000245096774e+00 2.011327837626377540e-02 2.000000000000000164e-05
1.785302083058232014e+00 2.001280757712297492e-02 2.000000000000000164e-05
1.782588297298216329e+00 2.020152176956984194e-02 2.000000000000000164e-05
1.779878636684987026e+00 2.002357623701568612e-02 2.000000000000000164e-05
1.777173094948028886e+00 2.018390661297898500e-02 2.000000000000000164e-05
1.774471665826357736e+00 2.013842526147129400e-02 2.000000000000000164e-05
1.771774343068506674e+00 2.010822495048924380e-02 2.000000000000000164e-05
1.769081120432512089e+00 2.003477049502744994e-02 2.000000000000000164e-05
1.766391991685897223e+00 1.992435943235232321e-02 2.000000000000000164e-05
1.763706950605660628e+00 1.992368518899179791e-02 2.000000000000000164e-05
1.761025990978259070e+00 1.999481530667180165e-02 2.000000000000000164e-05
1.758349106599595091e+00 1.982495225874804368e-02 2.000000000000000164e-05
1.755676291275001688e+00 1.994900109236386054e-02 2.000000000000000164e-05
1.753007538819227440e+00 1.980424723931530767e-02 2.000000000000000164e-05
1.750342843056424735e+00 1.988513541256608369e-02 2.000000000000000164e-05
1.747682197820131567e+00 1.978425691768354033e-02 2.000000000000000164e-05
1.745025596953261759e+00 1.982358452785231567e-02 2.000000000000000164e-05
1.742373034308085433e+00 1.980855517597774132e-02 2.000000000000000164e-05
1.739724503746220341e+00 1.979296692461045976e-02 2.000000000000000164e-05
1.737079999138613662e+00 1.972836146875920835e-02 2.000000000000000164e-05
1.734439514365529122e+00 1.971067822681928094e-02 2.000000000000000164e-05
1.731803043316533897e+00 1.984732372879053491e-02 2.000000000000000164e-05
1.729170579890481951e+00 1.978543052338869665e-02 2.000000000000000164e-05
1.726542117995502723e+00 1.969135992439132246e-02 2.000000000000000164e-05
1.723917651548985353e+00 1.977301958917374730e-02 2.000000000000000164e-05
1.721297174477564473e+00 1.970185131623536368e-02 2.000000000000000164e-05
1.718680680717107334e+00 1.971507623187716135e-02 2.000000000000000164e-05
1.716068164212698699e+00 1.959897552497886358e-02 2.000000000000000164e-05
1.713459618918627303e+00 1.976786270639564053e-02 2.000000000000000164e-05
1.710855038798371863e+00 1.960341483864346673e-02 2.000000000000000164e-05
1.708254417824587534e+00 1.956724686391300358e-02 2.000000000000000164e-05
1.705657749979089921e+00 1.956146794445060011e-02 2.000000000000000164e-05
1.703065029252844420e+00 1.963182380843577629e-02 2.000000000000000164e-05
1.700476249645949789e+00 1.958407435481775150e-02 2.000000000000000164e-05
1.697891405167625267e+00 1.958874282577727222e-02 2.000000000000000164e-05
1.695310489836195922e+00 1.951568626125536540e-02 2.000000000000000164e-05
1.692733497679080212e+00 1.954616920241355332e-02 2.000000000000000164e-05
1.690160422732775114e+00 1.960378288093795468e-02 2.000000000000000164e-05
1.687591259042841685e+00 1.952791142159231511e-02 2.000000000000000164e-05
1.685026000663893964e+00 1.951192975860455842e-02 2.000000000000000164e-05
1.682464641659582094e+00 1.952606196818139350e-02 2.000000000000000164e-05
1.679907176102579669e+00 1.951012708252010397e-02 2.000000000000000164e-05
1.677353598074570851e+00 1.952276606200795128e-02 2.000000000000000164e-05
1.674803901666235717e+00 1.955624390228651727e-02 2.000000000000000164e-05
1.672258080977237604e+00 1.958253927260176011e-02 2.000000000000000164e-05
1.669716130116208230e+00 1.951960983510891978e-02 2.000000000000000164e-05
1.667178043200734150e+00 1.959605094910927409e-02 2.000000000000000164e-05
1.664643814357344542e+00 1.961119264132082235e-02 2.000000000000000164e-05
1.662113437721496334e+00 1.950220312165643066e-02 2.000000000000000164e-05
1.659586907437560876e+00 1.950104810998004243e-02 2.000000000000000164e-05
1.657064217658810179e+00 1.951449464028474218e-02 2.000000000000000164e-05
1.654545362547404475e+00 1.948342546075795823e-02 2.000000000000000164e-05
1.652030336274377120e+00 1.953307418270203155e-02 2.000000000000000164e-05
1.649519133019622608e+00 1.948666403266772693e-02 2.000000000000000164e-05
1.647011746971881907e+00 1.946229311619110391e-02 2.000000000000000164e-05
1.644508172328729811e+00 1.944716572199969851e-02 2.000000000000000164e-05
1.642008403296560726e+00 1.951857649264041733e-02 2.000000000000000164e-05
1.639512434090576454e+00 1.948230144184597001e-02 2.000000000000000164e-05
1.637020258934771544e+00 1.947344839751766199e-02 2.000000000000000164e-05
1.634531872061921076e+00 1.949486851304148977e-02 2.000000000000000164e-05
1.632047267713565786e+00 1.948803501765470486e-02 2.000000000000000164e-05
1.629566440140000738e+00 1.945897391829585349e-02 2.000000000000000164e-05
1.627089383600260009e+00 1.949820409019151213e-02 2.000000000000000164e-05
1.624616092362104913e+00 1.948507797869358793e-02 2.000000000000000164e-05
1.622146560702010687e+00 1.947960556683191874e-02 2.000000000000000164e-05
1.619680782905150940e+00 1.949785178315650847e-02 2.000000000000000164e-05
1.617218753265388109e+00 1.950386405785355104e-02 2.000000000000000164e-05
1.614760466085257473e+00 1.949647997401680877e-02 2.000000000000000164e-05
1.612305915675955159e+00 1.946858047702086300e-02 2.000000000000000164e-05
1.609855096357324156e+00 1.946636252599364542e-02 2.000000000000000164e-05
1.607408002457842544e+00 1.946600829801265614e-02 2.000000000000000164e-05
1.604964628314608621e+00 1.950053041187735023e-02 2.000000000000000164e-05
1.602524968273329353e+00 1.950064750955580323e-02 2.000000000000000164e-05
1.600089016688306831e+00 1.941009715824193460e-02 2.000000000000000164e-05
1.597656767922423615e+00 1.950902472495388840e-02 2.000000000000000164e-05
1.595228216347132522e+00 1.947088316182831250e-02 2.000000000000000164e-05
1.592803356342442189e+00 1.946762196508185216e-02 2.000000000000000164e-05
1.590382182296902869e+00 1.943216122492222656e-02 2.000000000000000164e-05
1.587964688607595543e+00 1.943346665563112918e-02 2.000000000000000164e-05
1.585550869680117714e+00 1.948803695112744094e-02 2.000000000000000164e-05
1.583140719928570750e+00 1.953707435004163606e-02 2.000000000000000164e-05
1.580734233775547226e+00 1.955354799491866580e-02 2.000000000000000164e-05
1.578331405652117381e+00 1.958861074453188689e-02 2.000000000000000164e-05
1.575932229997817347e+00 1.945091585915827842e-02 2.000000000000000164e-05
1.573536701260634496e+00 1.947386528606322165e-02 2.000000000000000164e-05
1.571144813896996340e+00 1.956538045727649819e-02 2.000000000000000164e-05
1.568756562371756980e+00 1.942574367325870105e-02 2.000000000000000164e-05
1.566371941158184455e+00 1.956551137306343502e-02 2.000000000000000164e-05
1.563990944737947197e+00 1.961849853116570327e-02 2.000000000000000164e-05
1.561613567601102259e+00 1.943278121592968352e-02 2.000000000000000164e-05
1.559239804246082661e+00 1.948767606914477563e-02 2.000000000000000164e-05
1.556869649179683623e+00 1.960046023570494178e-02 2.000000000000000164e-05
1.554503096917050797e+00 1.951191130475888810e-02 2.000000000000000164e-05
1.552140141981666277e+00 1.960920704183036559e-02 2.000000000000000164e-05
1.549780778905338385e+00 1.978384994615475095e-02 2.000000000000000164e-05
1.547425002228185908e+00 1.952358230445114598e-02 2.000000000000000164e-05
1.545072806498628548e+00 1.965376796704189008e-02 2.000000000000000164e-05
1.542724186273371600e+00 1.971136111201945637e-02 2.000000000000000164e-05
1.540379136117395076e+00 1.953030977676292745e-02 2.000000000000000164e-05
1.538037650603940376e+00 1.964523175606718713e-02 2.000000000000000164e-05
1.535699724314498305e+00 1.985842167182997470e-02 2.000000000000000164e-05
1.533365351838795743e+00 1.973089651662988941e-02 2.000000000000000164e-05
1.531034527774784326e+00 1.973845997869756036e-02 2.000000000000000164e-05
1.528707246728626234e+00 1.964302976602236989e-02 2.000000000000000164e-05
1.526383503314683088e+00 1.966248201255522618e-02 2.000000000000000164e-05
1.524063292155503069e+00 1.983170992345369837e-02 2.000000000000000164e-05
1.521746607881808933e+00 1.979564052028896098e-02 2.000000000000000164e-05
1.519433445132484017e+00 1.983189245563996353e-02 2.000000000000000164e-05
1.517123798554561809e+00 1.969649629463380430e-02 2.000000000000000164e-05
1.514817662803212617e+00 1.981158805967232067e-02 2.000000000000000164e-05
1.512515032541730919e+00 1.977342059196959476e-02 2.000000000000000164e-05
1.510215902441523816e+00 1.984536127320211604e-02 2.000000000000000164e-05
1.507920267182097485e+00 1.994167049363292088e-02 2.000000000000000164e-05
1.505628121451046519e+00 1.969016321550763962e-02 2.000000000000000164e-05
1.503339459944040168e+00 2.002702958884714640e-02 2.000000000000000164e-05
1.501054277364810785e+00 2.017432476012438400e-02 2.000000000000000164e-05
1.498772568425141838e+00 2.001153263159124313e-02 2.000000000000000164e-05
1.496494327844854588e+00 1.995248350775061241e-02 2.000000000000000164e-05
1.494219550351796544e+00 1.997559527520214803e-02 2.000000000000000164e-05
1.491948230681830134e+00 1.993929397954378319e-02 2.000000000000000164e-05
1.489680363578818723e+00 1.995554725200857082e-02 2.000000000000000164e-05
1.487415943794615947e+00 2.001317058241434618e-02 2.000000000000000164e-05
1.485154966089052397e+00 1.994459854278275018e-02 2.000000000000000164e-05
1.482897425229924737e+00 2.008365814764848101e-02 2.000000000000000164e-05
1.480643315992982600e+00 2.005410079327387546e-02 2.000000000000000164e-05
1.478392633161917269e+00 1.993591291242277630e-02 2.000000000000000164e-05
1.476145371528348349e+00 2.012305669578640099e-02 2.000000000000000164e-05
1.473901525891813113e+00 2.005893437867223295e-02 2.000000000000000164e-05
1.471661091059754067e+00 2.016398262381537826e-02 2.000000000000000164e-05
1.469424061847506513e+00 2.015673145616911702e-02 2.000000000000000164e-05
1.467190433078287004e+00 2.009601620591509180e-02 2.000000000000000164e-05
1.464960199583180689e+00 2.005333799773672404e-02 2.000000000000000164e-05
1.462733356201130208e+00 2.022119747082713748e-02 2.000000000000000164e-05
1.460509897778923261e+00 2.016607952214090338e-02 2.000000000000000164e-05
1.458289819171181279e+00 2.014029124169754159e-02 2.000000000000000164e-05
1.456073115240346327e+00 2.026451378600517550e-02 2.000000000000000164e-05
1.453859780856670225e+00 2.020580133276835000e-02 2.000000000000000164e-05
1.451649810898202331e+00 2.045015628608611025e-02 2.000000000000000164e-05
1.449443200250777553e+00 2.031775170961932706e-02 2.000000000000000164e-05
1.447239943808005469e+00 2.013191609167877538e-02 2.000000000000000164e-05
1.445040036471256784e+00 2.070518711962840083e-02 2.000000000000000164e-05
1.442843473149652889e+00 2.019231671916774107e-02 2.000000000000000164e-05
1.440650248760053653e+00 2.010957256951000083e-02 2.000000000000000164e-05
1.438460358227045655e+00 2.045753370070805752e-02 2.000000000000000164e-05
1.436273796482930631e+00 2.031826720800516267e-02 2.000000000000000164e-05
1.434090558467713272e+00 2.057542395849430716e-02 2.000000000000000164e-05
1.431910639129089891e+00 2.052922560887530251e-02 2.000000000000000164e-05
1.429734033422436879e+00 2.029441425924142714e-02 2.000000000000000164e-05
1.427560736310798495e+00 2.034122858279923535e-02 2.000000000000000164e-05
1.425390742764876206e+00 2.035517739765122305e-02 2.000000000000000164e-05
1.423224047763015365e+00 2.039657563744756708e-02 2.000000000000000164e-05
1.421060646291195217e+00 2.048404565416497847e-02 2.000000000000000164e-05
1.418900533343016690e+00 2.046402952050139015e-02 2.000000000000000164e-05
1.416743703919690400e+00 2.042239665227857034e-02 2.000000000000000164e-05
1.414590153030026221e+00 2.029565221403117556e-02 2.000000000000000164e-05
1.412439875690420177e+00 2.027035376716595019e-02 2.000000000000000164e-05
1.410292866924843791e+00 2.041971373034663639e-02 2.000000000000000164e-05
1.408149121764833200e+00 2.042449927336835100e-02 2.000000000000000164e-05
1.406008635249476502e+00 2.039142389008386305e-02 2.000000000000000164e-05
1.403871402425402648e+00 2.031399156185739741e-02 2.000000000000000164e-05
1.401737418346770125e+00 2.035800782082593588e-02 2.000000000000000164e-05
1.399606678075255406e+00 2.045777515889895398e-02 2.000000000000000164e-05
1.397479176680041846e+00 2.039249145279987963e-02 2.000000000000000164e-05
1.395354909237807917e+00 2.024448754043927517e-02 2.000000000000000164e-05
1.393233870832715438e+00 2.034599517930398005e-02 2.000000000000000164e-05
1.391116056556399139e+00 2.017577268426850451e-02 2.000000000000000164e-05
1.389001461507954671e+00 2.031696277390676597e-02 2.000000000000000164e-05
1.386890080793927504e+00 2.041175798773120498e-02 2.000000000000000164e-05
1.384781909528301380e+00 2.046263696284137193e-02 2.000000000000000164e-05
1.382676942832486766e+00 2.036999302146905166e-02 2.000000000000000164e-05
1.380575175835310864e+00 2.033277717344681226e-02 2.000000000000000164e-05
1.378476603673004508e+00 2.043531919141039835e-02 2.000000000000000164e-05
1.376381221489192175e+00 2.020383674676880931e-02 2.000000000000000164e-05
1.374289024434880657e+00 2.044172005765899219e-02 2.000000000000000164e-05
1.372200007668446853e+00 2.030199027816137133e-02 2.000000000000000164e-05
1.370114166355627994e+00 2.055961138894114859e-02 2.000000000000000164e-05
1.368031495669509212e+00 2.046121731084354564e-02 2.000000000000000164e-05
1.365951990790513326e+00 2.059507950073140997e-02 2.000000000000000164e-05
1.363875646906388628e+00 2.057274041562282343e-02 2.000000000000000164e-05
1.361802459212199112e+00 2.026205469010936011e-02 2.000000000000000164e-05
1.359732422910312044e+00 2.051493355066938418e-02 2.000000000000000164e-05
1.357665533210387965e+00 2.035084206035487481e-02 2.000000000000000164e-05
1.355601785329368703e+00 2.041031675534340367e-02 2.000000000000000164e-05
1.353541174491466492e+00 2.044119290536743766e-02 2.000000000000000164e-05
1.351483695928153317e+00 2.049411652031449260e-02 2.000000000000000164e-05
1.349429344878150028e+00 2.001418305615007207e-02 2.000000000000000164e-05
1.347378116587414576e+00 2.051954629380936881e-02 2.000000000000000164e-05
1.345330006309131354e+00 2.006357658611503808e-02 2.000000000000000164e-05
1.343285009303700317e+00 2.028247984063718742e-02 2.000000000000000164e-05
1.341243120838725655e+00 2.018849481951777436e-02 2.000000000000000164e-05
1.339204336189006028e+00 2.020882755929066799e-02 2.000000000000000164e-05
1.337168650636521905e+00 2.011171110155478628e-02 2.000000000000000164e-05
1.335136059470425796e+00 2.015420787836101624e-02 2.000000000000000164e-05
1.333106557987030927e+00 1.970114018750621782e-02 2.000000000000000164e-05
1.331080141489800361e+00 1.987571889531485753e-02 2.000000000000000164e-05
1.329056805289336562e+00 1.944555801630846320e-02 2.000000000000000164e-05
1.327036544703370069e+00 1.934328122626462892e-02 2.000000000000000164e-05
1.325019355056748394e+00 1.964487824306381664e-02 2.000000000000000164e-05
1.323005231681426475e+00 1.931687639178742560e-02 2.000000000000000164e-05
1.320994169916454020e+00 1.934669383950087321e-02 2.000000000000000164e-05
1.318986165107966624e+00 1.936680010843282174e-02 2.000000000000000164e-05
1.316981212609173557e+00 1.925090692336255821e-02 2.000000000000000164e-05
1.314979307780347551e+00 1.938083565466375974e-02 2.000000000000000164e-05
1.312980445988814138e+00 1.927535615335663338e-02 2.000000000000000164e-05
1.310984622608940997e+00 1.936566004593941528e-02 2.000000000000000164e-05
1.308991833022126627e+00 1.931783521816828053e-02 2.000000000000000164e-05
1.307002072616791022e+00 1.931857950459568707e-02 2.000000000000000164e-05
1.305015336788363012e+00 1.936148322809179770e-02 2.000000000000000164e-05
1.303031620939271384e+00 1.937477248317585540e-02 2.000000000000000164e-05
1.301050920478933559e+00 1.923360293263370185e-02 2.000000000000000164e-05
1.299073230823744485e+00 1.927271911924036130e-02 2.000000000000000164e-05
1.297098547397067314e+00 1.943119392666411982e-02 2.000000000000000164e-05
1.295126865629221191e+00 1.922571617134386651e-02 2.000000000000000164e-05
1.293158180957471926e+00 1.931464329248009509e-02 2.000000000000000164e-05
1.291192488826020890e+00 1.939209214527098935e-02 2.000000000000000164e-05
1.289229784685994806e+00 1.923888892111312587e-02 2.000000000000000164e-05
1.287270063995434644e+00 1.928992716260663487e-02 2.000000000000000164e-05
1.285313322219285626e+00 1.923137113667718057e-02 2.000000000000000164e-05
1.283359554829386795e+00 1.917007948599251665e-02 2.000000000000000164e-05
1.281408757304460133e+00 1.928079378924220377e-02 2.000000000000000164e-05
1.279460925130100124e+00 1.929526207481135902e-02 2.000000000000000164e-05
1.277516053798763762e+00 1.918469245983417393e-02 2.000000000000000164e-05
1.275574138809759672e+00 1.916275605421523948e-02 2.000000000000000164e-05
1.273635175669237896e+00 1.927902986001570756e-02 2.000000000000000164e-05
1.271699159890179454e+00 1.922387206892085809e-02 2.000000000000000164e-05
1.269766086992385912e+00 1.923421697355818388e-02 2.000000000000000164e-05
1.267835952502468944e+00 1.922918966446964320e-02 2.000000000000000164e-05
1.265908751953840339e+00 1.924458846866430178e-02 2.000000000000000164e-05
1.263984480886701123e+00 1.917996776468506442e-02 2.000000000000000164e-05
1.262063134848032009e+00 1.916535312669737784e-02 2.000000000000000164e-05
1.260144709391582518e+00 1.915187364799030012e-02 2.000000000000000164e-05
1.258229200077859655e+00 1.914212469053571189e-02 2.000000000000000164e-05
1.256316602474120581e+00 1.917892020675172893e-02 2.000000000000000164e-05
1.254406912154359288e+00 1.924081925992114986e-02 2.000000000000000164e-05
1.252500124699298167e+00 1.916880477093933777e-02 2.000000000000000164e-05
1.250596235696376679e+00 1.920043324354647057e-02 2.000000000000000164e-05
1.248695240739742252e+00 1.920886288560919031e-02 2.000000000000000164e-05
1.246797135430239400e+00 1.922584311074664737e-02 2.000000000000000164e-05
1.244901915375399515e+00 1.919686661567372721e-02 2.000000000000000164e-05
1.243009576189430865e+00 1.922715422272447405e-02 2.000000000000000164e-05
1.241120113493208610e+00 1.929228033555002025e-02 2.000000000000000164e-05
1.239233522914264363e+00 1.924132889246158579e-02 2.000000000000000164e-05
1.237349800086775975e+00 1.926583286147789953e-02 2.000000000000000164e-05
1.235468940651557990e+00 1.926868714037855215e-02 2.000000000000000164e-05
1.233590940256051427e+00 1.925263504291626487e-02 2.000000000000000164e-05
1.231715794554312682e+00 1.922905687736586530e-02 2.000000000000000164e-05
1.229843499207005308e+00 1.928086973790065634e-02 2.000000000000000164e-05
1.227974049881388030e+00 1.930603921539232257e-02 2.000000000000000164e-05
1.226107442251306079e+00 1.925829413432318671e-02 2.000000000000000164e-05
1.224243671997181204e+00 1.940152866753673544e-02 2.000000000000000164e-05
1.222382734806000348e+00 1.928454774513267342e-02 2.000000000000000164e-05
1.220524626371306987e+00 1.928385946790248801e-02 2.000000000000000164e-05
1.218669342393190913e+00 1.934814541851396369e-02 2.000000000000000164e-05
1.216816878578277583e+00 1.929739713426092962e-02 2.000000000000000164e-05
1.214967230639719009e+00 1.935240025173079123e-02 2.000000000000000164e-05
1.213120394297183546e+00 1.932316470468183750e-02 2.000000000000000164e-05
1.211276365276845901e+00 1.935589781091203582e-02 2.000000000000000164e-05
1.209435139311377139e+00 1.933893705697256604e-02 2.000000000000000164e-05
1.207596712139934914e+00 1.935071587743341162e-02 2.000000000000000164e-05
1.205761079508154587e+00 1.944976009919262630e-02 2.000000000000000164e-05
1.203928237168137017e+00 1.941290768463783609e-02 2.000000000000000164e-05
1.202098180878440781e+00 1.945485718406218464e-02 2.000000000000000164e-05
1.200270906404072191e+00 1.934435571578844298e-02 2.000000000000000164e-05
1.198446409516475075e+00 1.944612590859440618e-02 2.000000000000000164e-05
1.196624685993519899e+00 1.943479546147592468e-02 2.000000000000000164e-05
1.194805731619495770e+00 1.945008341877367194e-02 2.000000000000000164e-05
1.192989542185100449e+00 1.939889675829719468e-02 2.000000000000000164e-05
1.191176113487429244e+00 1.946932256526225091e-02 2.000000000000000164e-05
1.189365441329966577e+00 1.944938748301373865e-02 2.000000000000000164e-05
1.187557521522576209e+00 1.945341960639634590e-02 2.000000000000000164e-05
1.185752349881490364e+00 1.957750748443879557e-02 2.000000000000000164e-05
1.183949922229301954e+00 1.942045135685516524e-02 2.000000000000000164e-05
1.182150234394952815e+00 1.965270621909147308e-02 2.000000000000000164e-05
1.180353282213725929e+00 1.957869554199675663e-02 2.000000000000000164e-05
1.178559061527234109e+00 1.962491659823402401e-02 2.000000000000000164e-05
1.176767568183411994e+00 1.965446748658575618e-02 2.000000000000000164e-05
1.174978798036505401e+00 1.967610964563006742e-02 2.000000000000000164e-05
1.173192746947061771e+00 1.982820746739326345e-02 2.000000000000000164e-05
1.171409410781920846e+00 1.973747172025660385e-02 2.000000000000000164e-05
1.169628785414205341e+00 1.975463143440802510e-02 2.000000000000000164e-05
1.167850866723310954e+00 1.969989718376452537e-02 2.000000000000000164e-05
1.166075650594896818e+00 1.976585696372199982e-02 2.000000000000000164e-05
1.164303132920876838e+00 1.987215714789770243e-02 2.000000000000000164e-05
1.162533309599408149e+00 1.969524926105219523e-02 2.000000000000000164e-05
1.160766176534884453e+00 1.980293063792978175e-02 2.000000000000000164e-05
1.159001729637924250e+00 1.960227876165088201e-02 2.000000000000000164e-05
1.157239964825362399e+00 1.978221136463096524e-02 2.000000000000000164e-05
1.155480878020240576e+00 1.969983529982882037e-02 2.000000000000000164e-05
1.153724465151797052e+00 1.973591880637884724e-02 2.000000000000000164e-05
1.151970722155459370e+00 1.960489784830393711e-02 2.000000000000000164e-05
1.150219644972831468e+00 1.973466764431652115e-02 2.000000000000000164e-05
1.148471229551688344e+00 1.966189552358264814e-02 2.000000000000000164e-05
1.146725471845963629e+00 1.955178171843910753e-02 2.000000000000000164e-05
1.144982367815741142e+00 1.977668396721170285e-02 2.000000000000000164e-05
1.143241913427246237e+00 1.982113213999702958e-02 2.000000000000000164e-05
1.141504104652835361e+00 1.951670616308742029e-02 2.000000000000000164e-05
1.139768937470987842e+00 1.956786918003264319e-02 2.000000000000000164e-05
1.138036407866295452e+00 1.953759225882639727e-02 2.000000000000000164e-05
1.136306511829453969e+00 1.978351377838430750e-02 2.000000000000000164e-05
1.134579245357253408e+00 2.009309058390330166e-02 2.000000000000000164e-05
1.132854604452569136e+00 1.981147629668756488e-02 2.000000000000000164e-05
1.131132585124352330e+00 1.988165985956198006e-02 2.000000000000000164e-05
1.129413183387620867e+00 1.974305011675723046e-02 2.000000000000000164e-05
1.127696395263450002e+00 1.953805185489679644e-02 2.000000000000000164e-05
1.125982216778963485e+00 1.969141693417679820e-02 2.000000000000000164e-05
1.124270643967324013e+00 1.967082569363892697e-02 2.000000000000000164e-05
1.122561672867723681e+00 1.973877415236377497e-02 2.000000000000000164e-05
1.120855299525376214e+00 1.953247497866552468e-02 2.000000000000000164e-05
1.119151519991505861e+00 1.983872685619195858e-02 2.000000000000000164e-05
1.117450330323340291e+00 1.965939820395258206e-02 2.000000000000000164e-05
1.115751726584099712e+00 1.972949269785463644e-02 2.000000000000000164e-05
1.114055704842988881e+00 1.963310493210061736e-02 2.000000000000000164e-05
1.112362261175187550e+00 1.957881369154724355e-02 2.000000000000000164e-05
1.110671391661841367e+00 1.977417236004994777e-02 2.000000000000000164e-05
1.108983092390053216e+00 1.961876524958023477e-02 2.000000000000000164e-05
1.107297359452873664e+00 1.958091214428146418e-02 2.000000000000000164e-05
1.105614188949291865e+00 1.961097973590913979e-02 2.000000000000000164e-05
1.103933576984227338e+00 1.938079081798677744e-02 2.000000000000000164e-05
1.102255519668519979e+00 1.959344008512824836e-02 2.000000000000000164e-05
1.100580013118921618e+00 1.956271444757937128e-02 2.000000000000000164e-05
1.098907053458087146e+00 1.958394478346150297e-02 2.000000000000000164e-05
1.097236636814564736e+00 1.940258348161691404e-02 2.000000000000000164e-05
1.095568759322787855e+00 1.949216811143357139e-02 2.000000000000000164e-05
1.093903417123065713e+00 1.945518037302398223e-02 2.000000000000000164e-05
1.092240606361574828e+00 1.941102852011150626e-02 2.000000000000000164e-05
1.090580323190349255e+00 1.929772683715214043e-02 2.000000000000000164e-05
1.088922563767272811e+00 1.927437208344513764e-02 2.000000000000000164e-05
1.087267324256069534e+00 1.926041501110717716e-02 2.000000000000000164e-05
1.085614600826294129e+00 1.922532856351136937e-02 2.000000000000000164e-05
1.083964389653325089e+00 1.919699860610457609e-02 2.000000000000000164e-05
1.082316686918353366e+00 1.919510367267959761e-02 2.000000000000000164e-05
1.080671488808375491e+00 1.917386565618758865e-02 2.000000000000000164e-05
1.079028791516184027e+00 1.920429442096066586e-02 2.000000000000000164e-05
1.077388591240358462e+00 1.923325685803786017e-02 2.000000000000000164e-05
1.075750884185257217e+00 1.915603057676423110e-02 2.000000000000000164e-05
1.074115666561007432e+00 1.920142865305018293e-02 2.000000000000000164e-05
1.072482934583497860e+00 1.920779399257856179e-02 2.000000000000000164e-05
1.070852684474369543e+00 1.916471836604898699e-02 2.000000000000000164e-05
1.069224912461006038e+00 1.916425223537174261e-02 2.000000000000000164e-05
1.067599614776526540e+00 1.914799868883292761e-02 2.000000000000000164e-05
1.065976787659775438e+00 1.916322491995677696e-02 2.000000000000000164e-05
1.064356427355314549e+00 1.915804958185442566e-02 2.000000000000000164e-05
1.062738530113414459e+00 1.916432020202517295e-02 2.000000000000000164e-05
1.061123092190045414e+00 1.913061132454171170e-02 2.000000000000000164e-05
1.059510109846868664e+00 1.913635551168713783e-02 2.000000000000000164e-05
1.057899579351228470e+00 1.916243093395121264e-02 2.000000000000000164e-05
1.056291496976142330e+00 1.914011782029489267e-02 2.000000000000000164e-05
1.054685859000293657e+00 1.911659102624605269e-02 2.000000000000000164e-05
1.053082661708022449e+00 1.911220892581647068e-02 2.000000000000000164e-05
1.051481901389316409e+00 1.912839019796275242e-02 2.000000000000000164e-05
1.049883574339802728e+00 1.912062765879238985e-02 2.000000000000000164e-05
1.048287676860739870e+00 1.911899115121402579e-02 2.000000000000000164e-05
1.046694205259008692e+00 1.910927905714693634e-02 2.000000000000000164e-05
1.045103155847103338e+00 1.910258236366083398e-02 2.000000000000000164e-05
1.043514524943123689e+00 1.910506783825768190e-02 2.000000000000000164e-05
1.041928308870766040e+00 1.909529804270536021e-02 2.000000000000000164e-05
1.040344503959315103e+00 1.910631703107666668e-02 2.000000000000000164e-05
1.038763106543635351e+00 1.909469434575843116e-02 2.000000000000000164e-05
1.037184112964162797e+00 1.908834947496098125e-02 2.000000000000000164e-05
1.035607519566895673e+00 1.908670574976882930e-02 2.000000000000000164e-05
1.034033322703386659e+00 1.909155790409950565e-02 2.000000000000000164e-05
1.032461518730734884e+00 1.909653897824649393e-02 2.000000000000000164e-05
1.030892104011576160e+00 1.910239979197516855e-02 2.000000000000000164e-05
1.029325074914076321e+00 1.909746984897230104e-02 2.000000000000000164e-05
1.027760427811920785e+00 1.911900395779956088e-02 2.000000000000000164e-05
1.026198159084307893e+00 1.912681539901753269e-02 2.000000000000000164e-05
1.024638265115939806e+00 1.908978814548755246e-02 2.000000000000000164e-05
1.023080742297013845e+00 1.911724623684759108e-02 2.000000000000000164e-05
1.021525587023214943e+00 1.912085303865280334e-02 2.000000000000000164e-05
1.019972795695706314e+00 1.916062844388172551e-02 2.000000000000000164e-05
1.018422364721122353e+00 1.911507623056607832e-02 2.000000000000000164e-05
1.016874290511559087e+00 1.911069494336859603e-02 2.000000000000000164e-05
1.015328569484566623e+00 1.908981231519242885e-02 2.000000000000000164e-05
1.013785198063140491e+00 1.911438393323991111e-02 2.000000000000000164e-05
1.012244172675713427e+00 1.913078513077948184e-02 2.000000000000000164e-05
1.010705489756148046e+00 1.915789766857477205e-02 2.000000000000000164e-05
1.009169145743726403e+00 1.918585523116619201e-02 2.000000000000000164e-05
1.007635137083144006e+00 1.917615187798264037e-02 2.000000000000000164e-05
1.006103460224500701e+00 1.920185158542160597e-02 2.000000000000000164e-05
1.004574111623292021e+00 1.923897100458031237e-02 2.000000000000000164e-05
1.003047087740401633e+00 1.917764801447548531e-02 2.000000000000000164e-05
1.001522385042092678e+00 1.918716180114403078e-02 2.000000000000000164e-05
1.000000000000000000e+00 1.928188749487642212e-02 2.000000000000000164e-05
9.984799290911220426e-01 1.920154367781568353e-02 2.000000000000000164e-05
9.969621687978120761e-01 1.928682909924151270e-02 2.000000000000000164e-05
9.954467156077705381e-01 1.925571236682101922e-02 2.000000000000000164e-05
9.939335660140372619e-01 1.938030097299588139e-02 2.000000000000000164e-05
9.924227165149819285e-01 1.938205004008575899e-02 2.000000000000000164e-05
9.909141636142979603e-01 1.936000707392483006e-02 2.000000000000000164e-05
9.894079038209926402e-01 1.935662742911486295e-02 2.000000000000000164e-05
9.879039336493805612e-01 1.936777757485790702e-02 2.000000000000000164e-05
9.864022496190738565e-01 1.930381925986228431e-02 2.000000000000000164e-05
9.849028482549762042e-01 1.952395596591914584e-02 2.000000000000000164e-05
9.834057260872727246e-01 1.943185144154554317e-02 2.000000000000000164e-05
9.819108796514234294e-01 1.948243000063194091e-02 2.000000000000000164e-05
9.804183054881546733e-01 1.948131686871602125e-02 2.000000000000000164e-05
9.789280001434506051e-01 1.944293390679419781e-02 2.000000000000000164e-05
9.774399601685463956e-01 1.940367591276693712e-02 2.000000000000000164e-05
9.759541821199194667e-01 1.944382483970107794e-02 2.000000000000000164e-05
9.744706625592811644e-01 1.943101294070888677e-02 2.000000000000000164e-05
9.729893980535695430e-01 1.960768969275615212e-02 2.000000000000000164e-05
9.715103851749418151e-01 1.941396485690938256e-02 2.000000000000000164e-05
9.700336205007645818e-01 1.951889271056424582e-02 2.000000000000000164e-05
9.685591006136076153e-01 1.948743312186755963e-02 2.000000000000000164e-05
9.670868221012360877e-01 1.959076979464876092e-02 2.000000000000000164e-05
9.656167815566006896e-01 1.961973824562954563e-02 2.000000000000000164e-05
9.641489755778321902e-01 1.965673560699986167e-02 2.000000000000000164e-05
9.626834007682318894e-01 1.955887085969441538e-02 2.000000000000000164e-05
9.612200537362641795e-01 1.963819089670500867e-02 2.000000000000000164e-05
9.597589310955495501e-01 1.958072312965748740e-02 2.000000000000000164e-05
9.583000294648554851e-01 1.963145900899241486e-02 2.000000000000000164e-05
9.568433454680892458e-01 1.967953233160760901e-02 2.000000000000000164e-05
9.553888757342896554e-01 1.966598427061029553e-02 2.000000000000000164e-05
9.539366168976203264e-01 1.949979703373678694e-02 2.000000000000000164e-05
9.524865655973608902e-01 1.958128985987990858e-02 2.000000000000000164e-05
9.510387184778991143e-01 1.963291451473286528e-02 2.000000000000000164e-05
9.495930721887243520e-01 1.958011111147064942e-02 2.000000000000000164e-05
9.481496233844181054e-01 1.963045408822872845e-02 2.000000000000000164e-05
9.467083687246479196e-01 1.939861268782128167e-02 2.000000000000000164e-05
9.452693048741583892e-01 1.947867868720466050e-02 2.000000000000000164e-05
9.438324285027638316e-01 1.954877736439616584e-02 2.000000000000000164e-05
9.423977362853410700e-01 1.968832290890172587e-02 2.000000000000000164e-05
9.409652249018212178e-01 1.970752661750058490e-02 2.000000000000000164e-05
9.395348910371822404e-01 1.966943970890913662e-02 2.000000000000000164e-05
9.381067313814407393e-01 1.970632046715521668e-02 2.000000000000000164e-05
9.366807426296451800e-01 1.970687699864028322e-02 2.000000000000000164e-05
9.352569214818677867e-01 1.984148860844665158e-02 2.000000000000000164e-05
9.338352646431963278e-01 1.966884256809761644e-02 2.000000000000000164e-05
9.324157688237278974e-01 1.985605258462126016e-02 2.000000000000000164e-05
9.309984307385598123e-01 1.975879547709973039e-02 2.000000000000000164e-05
9.295832471077831727e-01 1.976852470205411189e-02 2.000000000000000164e-05
9.281702146564742018e-01 1.986367465546710551e-02 2.000000000000000164e-05
9.267593301146880291e-01 1.959189187754025938e-02 2.000000000000000164e-05
9.253505902174492537e-01 1.935496392681888833e-02 2.000000000000000164e-05
9.239439917047467254e-01 1.928199217899317225e-02 2.000000000000000164e-05
9.225395313215238868e-01 1.923626194307118467e-02 2.000000000000000164e-05
9.211372058176720001e-01 1.925754352934811592e-02 2.000000000000000164e-05
9.197370119480234862e-01 1.948355189096370038e-02 2.000000000000000164e-05
9.183389464723428208e-01 1.937007293223608900e-02 2.000000000000000164e-05
9.169430061553206501e-01 1.931297917996596669e-02 2.000000000000000164e-05
9.155491877665649092e-01 1.955075816003151723e-02 2.000000000000000164e-05
9.141574880805940495e-01 1.938275180216838395e-02 2.000000000000000164e-05
9.127679038768299336e-01 1.929866131469605561e-02 2.000000000000000164e-05
9.113804319395891751e-01 1.924922346387671068e-02 2.000000000000000164e-05
9.099950690580771440e-01 1.922481442012650282e-02 2.000000000000000164e-05
9.086118120263795284e-01 1.923717045385536784e-02 2.000000000000000164e-05
9.072306576434553405e-01 1.929312597676596450e-02 2.000000000000000164e-05
9.058516027131293669e-01 1.928741707329414967e-02 2.000000000000000164e-05
9.044746440440846191e-01 1.925432122941866595e-02 2.000000000000000164e-05
9.030997784498553393e-01 1.930044476680602139e-02 2.000000000000000164e-05
9.017270027488196726e-01 1.928316776235087376e-02 2.000000000000000164e-05
9.003563137641915626e-01 1.932490056394756822e-02 2.000000000000000164e-05
8.989877083240138678e-01 1.943737820958124640e-02 2.000000000000000164e-05
8.976211832611517005e-01 1.925023041196029933e-02 2.000000000000000164e-05
8.962567354132838782e-01 1.923957308032049965e-02 2.000000000000000164e-05
8.948943616228960396e-01 1.937799567016182736e-02 2.000000000000000164e-05
8.935340587372743171e-01 1.928683565019942078e-02 2.000000000000000164e-05
8.921758236084961213e-01 1.938884384409685080e-02 2.000000000000000164e-05
8.908196530934247015e-01 1.925284927638746743e-02 2.000000000000000164e-05
8.894655440537005964e-01 1.921804159101085652e-02 2.000000000000000164e-05
8.881134933557351951e-01 1.917961256133119893e-02 2.000000000000000164e-05
8.867634978707031879e-01 1.919227325150594729e-02 2.000000000000000164e-05
8.854155544745350159e-01 1.918762831345465977e-02 2.000000000000000164e-05
8.840696600479103218e-01 1.918947360817844366e-02 2.000000000000000164e-05
8.827258114762496222e-01 1.919513994071954041e-02 2.000000000000000164e-05
8.813840056497090902e-01 1.919797826156968701e-02 2.000000000000000164e-05
8.800442394631706744e-01 1.918972423305750213e-02 2.000000000000000164e-05
8.787065098162369914e-01 1.919361329390737586e-02 2.000000000000000164e-05
8.773708136132236657e-01 1.920368738525771862e-02 2.000000000000000164e-05
8.760371477631515580e-01 1.919913152032703962e-02 2.000000000000000164e-05
8.747055091797404369e-01 1.920970092464636264e-02 2.000000000000000164e-05
8.733758947814009854e-01 1.920214065083900370e-02 2.000000000000000164e-05
8.720483014912284725e-01 1.921360260489341637e-02 2.000000000000000164e-05
8.707227262369953147e-01 1.922076962778981879e-02 2.000000000000000164e-05
8.693991659511435266e-01 1.921077330193630278e-02 2.000000000000000164e-05
8.680776175707783926e-01 1.922683186487001220e-02 2.000000000000000164e-05
8.667580780376609173e-01 1.922464984757792095e-02 2.000000000000000164e-05
8.654405442982009422e-01 1.922924499065854428e-02 2.000000000000000164e-05
8.641250133034497072e-01 1.923707163624648747e-02 2.000000000000000164e-05
8.628114820090934112e-01 1.923878829958063086e-02 2.000000000000000164e-05
8.614999473754455517e-01 1.922657129438064966e-02 2.000000000000000164e-05
8.601904063674401524e-01 1.924059114111155780e-02 2.000000000000000164e-05
8.588828559546251018e-01 1.925119732765531028e-02 2.000000000000000164e-05
8.575772931111544928e-01 1.924242150816891234e-02 2.000000000000000164e-05
8.562737148157819611e-01 1.925778716623612399e-02 2.000000000000000164e-05
8.549721180518535801e-01 1.925693730324029573e-02 2.000000000000000164e-05
8.536724998073010884e-01 1.926546007429367005e-02 2.000000000000000164e-05
8.523748570746350062e-01 1.929056254241710150e-02 2.000000000000000164e-05
8.510791868509367530e-01 1.927204154877809605e-02 2.000000000000000164e-05
8.497854861378532076e-01 1.928698943177472105e-02 2.000000000000000164e-05
8.484937519415882701e-01 1.928636278242902569e-02 2.000000000000000164e-05
8.472039812728971997e-01 1.928756709814268000e-02 2.000000000000000164e-05
8.459161711470787326e-01 1.934063678195207386e-02 2.000000000000000164e-05
8.446303185839686423e-01 1.932171849879105174e-02 2.000000000000000164e-05
8.433464206079327452e-01 1.936073842331665490e-02 2.000000000000000164e-05
8.420644742478602396e-01 1.931722808339735725e-02 2.000000000000000164e-05
8.407844765371563778e-01 1.938455808678491224e-02 2.000000000000000164e-05
8.395064245137362491e-01 1.928722734677654205e-02 2.000000000000000164e-05
8.382303152200166751e-01 1.938584854993830042e-02 2.000000000000000164e-05
8.369561457029111029e-01 1.935249929830185414e-02 2.000000000000000164e-05
8.356839130138214999e-01 1.940878772580734157e-02 2.000000000000000164e-05
8.344136142086319152e-01 1.938496513236992458e-02 2.000000000000000164e-05
8.331452463477015957e-01 1.934345329382836098e-02 2.000000000000000164e-05
8.318788064958586581e-01 1.938121967251324809e-02 2.000000000000000164e-05
8.306142917223919842e-01 1.939277430731291274e-02 2.000000000000000164e-05
8.293516991010465578e-01 1.936818137203015489e-02 2.000000000000000164e-05
8.280910257100145833e-01 1.934267267514422350e-02 2.000000000000000164e-05
8.268322686319298231e-01 1.938020223031469008e-02 2.000000000000000164e-05
8.255754249538609368e-01 1.934541735441298524e-02 2.000000000000000164e-05
8.243204917673039311e-01 1.937610509441375223e-02 2.000000000000000164e-05
8.230674661681764981e-01 1.944184353427687306e-02 2.000000000000000164e-05
8.218163452568103544e-01 1.935759350500297626e-02 2.000000000000000164e-05
8.205671261379450243e-01 1.935949562737323063e-02 2.000000000000000164e-05
8.193198059207211781e-01 1.936896790344522223e-02 2.000000000000000164e-05
8.180743817186735267e-01 1.945963016075882845e-02 2.000000000000000164e-05
8.168308506497247157e-01 1.935629107745567151e-02 2.000000000000000164e-05
8.155892098361778864e-01 1.935024015097054628e-02 2.000000000000000164e-05
8.143494564047112361e-01 1.943153526736792619e-02 2.000000000000000164e-05
8.131115874863700244e-01 1.950373704736836633e-02 2.000000000000000164e-05
8.118756002165602448e-01 1.943851022226877889e-02 2.000000000000000164e-05
8.106414917350431848e-01 1.939370803116431674e-02 2.000000000000000164e-05
8.094092591859273211e-01 1.941360083843905390e-02 2.000000000000000164e-05
8.081788997176623246e-01 1.934271603545824683e-02 2.000000000000000164e-05
8.069504104830325097e-01 1.937732819280433075e-02 2.000000000000000164e-05
8.057237886391501736e-01 1.935030150427856366e-02 2.000000000000000164e-05
8.044990313474488230e-01 1.935773977078799821e-02 2.000000000000000164e-05
8.032761357736770691e-01 1.935184075507472706e-02 2.000000000000000164e-05
8.020550990878915210e-01 1.936629495105419985e-02 2.000000000000000164e-05
8.008359184644509021e-01 1.935763442862429087e-02 2.000000000000000164e-05
7.996185910820085008e-01 1.937568650270133155e-02 2.000000000000000164e-05
7.984031141235067297e-01 1.937184253785320318e-02 2.000000000000000164e-05
7.971894847761700209e-01 1.936993947153195506e-02 2.000000000000000164e-05
7.959777002314983863e-01 1.938044206145261850e-02 2.000000000000000164e-05
7.947677576852608672e-01 1.935983205833428228e-02 2.000000000000000164e-05
7.935596543374893175e-01 1.937111798613558311e-02 2.000000000000000164e-05
7.923533873924716309e-01 1.937321235793611207e-02 2.000000000000000164e-05
7.911489540587455238e-01 1.938677832131018366e-02 2.000000000000000164e-05
7.899463515490915411e-01 1.939237522635004624e-02 2.000000000000000164e-05
7.887455770805275046e-01 1.937730086124830192e-02 2.000000000000000164e-05
7.875466278743011861e-01 1.937635220769542282e-02 2.000000000000000164e-05
7.863495011558845338e-01 1.939042273928082150e-02 2.000000000000000164e-05
7.851541941549667891e-01 1.938636764046933886e-02 2.000000000000000164e-05
7.839607041054482695e-01 1.938468461248172084e-02 2.000000000000000164e-05
7.827690282454341508e-01 1.938965384641864673e-02 2.000000000000000164e-05
7.815791638172275846e-01 1.938813392438844263e-02 2.000000000000000164e-05
7.803911080673238132e-01 1.939029709782023533e-02 2.000000000000000164e-05
7.792048582464036199e-01 1.939204065066973959e-02 2.000000000000000164e-05
7.780204116093268896e-01 1.939355630295764785e-02 2.000000000000000164e-05
7.768377654151262801e-01 1.939654222683253465e-02 2.000000000000000164e-05
7.756569169270010056e-01 1.939798809370364349e-02 2.000000000000000164e-05
7.744778634123102856e-01 1.940204917161000159e-02 2.000000000000000164e-05
7.733006021425673504e-01 1.940480660721843886e-02 2.000000000000000164e-05
7.721251303934325572e-01 1.940674191783834171e-02 2.000000000000000164e-05
7.709514454447079501e-01 1.940991079867219332e-02 2.000000000000000164e-05
7.697795445803300440e-01 1.941360420996990355e-02 2.000000000000000164e-05
7.686094250883641621e-01 1.941597474034513146e-02 2.000000000000000164e-05
7.674410842609978856e-01 1.942004871460585591e-02 2.000000000000000164e-05
7.662745193945349476e-01 1.942459508017631981e-02 2.000000000000000164e-05
7.651097277893889048e-01 1.942695315391953365e-02 2.000000000000000164e-05
7.639467067500766984e-01 1.942986001225496806e-02 2.000000000000000164e-05
7.627854535852127693e-01 1.943125731988962560e-02 2.000000000000000164e-05
7.616259656075026196e-01 1.943584332694881650e-02 2.000000000000000164e-05
7.604682401337365949e-01 1.943710980367148108e-02 2.000000000000000164e-05
7.593122744847836669e-01 1.944380473816481950e-02 2.000000000000000164e-05
7.581580659855854387e-01 1.944389675798518374e-02 2.000000000000000164e-05
7.570056119651494830e-01 1.945275460863504779e-02 2.000000000000000164e-05
7.558549097565439023e-01 1.945779748782769727e-02 2.000000000000000164e-05
7.547059566968904454e-01 1.945898039964122708e-02 2.000000000000000164e-05
7.535587501273586231e-01 1.946289741703954856e-02 2.000000000000000164e-05
7.524132873931596022e-01 1.948073168141679912e-02 2.000000000000000164e-05
7.512695658435399881e-01 1.947034702313169344e-02 2.000000000000000164e-05
7.501275828317758299e-01 1.948938481071585752e-02 2.000000000000000164e-05
7.489873357151662914e-01 1.949682588383519141e-02 2.000000000000000164e-05
7.478488218550276567e-01 1.949914127657800811e-02 2.000000000000000164e-05
7.467120386166872237e-01 1.948381802749052025e-02 2.000000000000000164e-05
7.455769833694769755e-01 1.949014753620562090e-02 2.000000000000000164e-05
7.444436534867280297e-01 1.949929576815228813e-02 2.000000000000000164e-05
7.433120463457640881e-01 1.951365809880350674e-02 2.000000000000000164e-05
7.421821593278953300e-01 1.951285578643194296e-02 2.000000000000000164e-05
7.410539898184127505e-01 1.953457818868609489e-02 2.000000000000000164e-05
7.399275352065818323e-01 1.951918873193541140e-02 2.000000000000000164e-05
7.388027928856365500e-01 1.953966172600870438e-02 2.000000000000000164e-05
7.376797602527732645e-01 1.953167561593435048e-02 2.000000000000000164e-05
7.365584347091450601e-01 1.959559543497634004e-02 2.000000000000000164e-05
7.354388136598549730e-01 1.952559319024010226e-02 2.000000000000000164e-05
7.343208945139508836e-01 1.954836197567983228e-02 2.000000000000000164e-05
7.332046746844189666e-01 1.956759782635889358e-02 2.000000000000000164e-05
7.320901515881778066e-01 1.957478923421517025e-02 2.000000000000000164e-05
7.309773226460726248e-01 1.960218827545784359e-02 2.000000000000000164e-05
7.298661852828688401e-01 1.954477713235620168e-02 2.000000000000000164e-05
7.287567369272465179e-01 1.955571099126781481e-02 2.000000000000000164e-05
7.276489750117945965e-01 1.962560915233779388e-02 2.000000000000000164e-05
7.265428969730043374e-01 1.957519095877731721e-02 2.000000000000000164e-05
7.254385002512637737e-01 1.957437226757744245e-02 2.000000000000000164e-05
7.243357822908517152e-01 1.958391993846431492e-02 2.000000000000000164e-05
7.232347405399320861e-01 1.960790268082613502e-02 2.000000000000000164e-05
7.221353724505473748e-01 1.957921291901622285e-02 2.000000000000000164e-05
7.210376754786135267e-01 1.963036677729632432e-02 2.000000000000000164e-05
7.199416470839136162e-01 1.958802284824532475e-02 2.000000000000000164e-05
7.188472847300916291e-01 1.959782289332619859e-02 2.000000000000000164e-05
7.177545858846474669e-01 1.969459057491276463e-02 2.000000000000000164e-05
7.166635480189305074e-01 1.969123387801630445e-02 2.000000000000000164e-05
7.155741686081337205e-01 1.960714073412252872e-02 2.000000000000000164e-05
7.144864451312878950e-01 1.959001668171314603e-02 2.000000000000000164e-05
7.134003750712561986e-01 1.958589000720313208e-02 2.000000000000000164e-05
7.123159559147277387e-01 1.958760579914974737e-02 2.000000000000000164e-05
7.112331851522121218e-01 1.959223227611826476e-02 2.000000000000000164e-05
7.101520602780336811e-01 1.959328993849821995e-02 2.000000000000000164e-05
7.090725787903252586e-01 1.960323128043506974e-02 2.000000000000000164e-05
7.079947381910229876e-01 1.961138667799335392e-02 2.000000000000000164e-05
7.069185359858601858e-01 1.961760526106381269e-02 2.000000000000000164e-05
7.058439696843614719e-01 1.960309066156163543e-02 2.000000000000000164e-05
7.047710367998373249e-01 1.961644679270721503e-02 2.000000000000000164e-05
7.036997348493782001e-01 1.962576187182477061e-02 2.000000000000000164e-05
7.026300613538484230e-01 1.961449499602849200e-02 2.000000000000000164e-05
7.015620138378814152e-01 1.961754316275326690e-02 2.000000000000000164e-05
7.004955898298725891e-01 1.962360731287624005e-02 2.000000000000000164e-05
6.994307868619749069e-01 1.962434395004541976e-02 2.000000000000000164e-05
6.983676024700923302e-01 1.962670374423518271e-02 2.000000000000000164e-05
6.973060341938747131e-01 1.962880861101269983e-02 2.000000000000000164e-05
6.962460795767115851e-01 1.963537961873515827e-02 2.000000000000000164e-05
6.951877361657265997e-01 1.963626500202566780e-02 2.000000000000000164e-05
6.941310015117724275e-01 1.966482230056530722e-02 2.000000000000000164e-05
6.930758731694239838e-01 1.965900743193742251e-02 2.000000000000000164e-05
6.920223486969739879e-01 1.966857770297680483e-02 2.000000000000000164e-05
6.909704256564263014e-01 1.965265823415205532e-02 2.000000000000000164e-05
6.899201016134909326e-01 1.965729452283667897e-02 2.000000000000000164e-05
6.888713741375781519e-01 1.966062893027906155e-02 2.000000000000000164e-05
6.878242408017928300e-01 1.966499140546740243e-02 2.000000000000000164e-05
6.867786991829289978e-01 1.966909225457933591e-02 2.000000000000000164e-05
6.857347468614639618e-01 1.967349060831430352e-02 2.000000000000000164e-05
6.846923814215530868e-01 1.967786173445011666e-02 2.000000000000000164e-05
6.836516004510237998e-01 1.968220056659991668e-02 2.000000000000000164e-05
6.826124015413702617e-01 1.968647438050009912e-02 2.000000000000000164e-05
6.815747822877479267e-01 1.969084472073829445e-02 2.000000000000000164e-05
6.805387402889675474e-01 1.969512493479735893e-02 2.000000000000000164e-05
6.795042731474898456e-01 1.969942616988361664e-02 2.000000000000000164e-05
6.784713784694200722e-01 1.970334849278931183e-02 2.000000000000000164e-05
6.774400538645023451e-01 1.970742213349032518e-02 2.000000000000000164e-05
6.764102969461142090e-01 1.971135538256115621e-02 2.000000000000000164e-05
6.753821053312608624e-01 1.971537004491448475e-02 2.000000000000000164e-05
6.743554766405700507e-01 1.971958060071238306e-02 2.000000000000000164e-05
6.733304084982861815e-01 1.972341312997304835e-02 2.000000000000000164e-05
6.723068985322649960e-01 1.972773977557917141e-02 2.000000000000000164e-05
6.712849443739682398e-01 1.973156085276193961e-02 2.000000000000000164e-05
6.702645436584575567e-01 1.973623760892298518e-02 2.000000000000000164e-05
6.692456940243899366e-01 1.974094470303094581e-02 2.000000000000000164e-05
6.682283931140116096e-01 1.974496609408072506e-02 2.000000000000000164e-05
6.672126385731528275e-01 1.974947130068560250e-02 2.000000000000000164e-05
6.661984280512219803e-01 1.975440862218874605e-02 2.000000000000000164e-05
6.651857592012011544e-01 1.975956815330229266e-02 2.000000000000000164e-05
6.641746296796394722e-01 1.976385737408685797e-02 2.000000000000000164e-05
6.631650371466486504e-01 1.976776662855414882e-02 2.000000000000000164e-05
6.621569792658971165e-01 1.977256249726673867e-02 2.000000000000000164e-05
6.611504537046044572e-01 1.978315631340860775e-02 2.000000000000000164e-05
6.601454581335366445e-01 1.978250104824869765e-02 2.000000000000000164e-05
6.591419902269999298e-01 1.978805771516408199e-02 2.000000000000000164e-05
6.581400476628359586e-01 1.979325745926511365e-02 2.000000000000000164e-05
6.571396281224161084e-01 1.979890297104317659e-02 2.000000000000000164e-05
6.561407292906363820e-01 1.980584092409447272e-02 2.000000000000000164e-05
6.551433488559117446e-01 1.981475865754531857e-02 2.000000000000000164e-05
6.541474845101709068e-01 1.981267629393242830e-02 2.000000000000000164e-05
6.531531339488513277e-01 1.981718175345304617e-02 2.000000000000000164e-05
6.521602948708932201e-01 1.982349828184135077e-02 2.000000000000000164e-05
6.511689649787346656e-01 1.982655368661575407e-02 2.000000000000000164e-05
6.501791419783063963e-01 1.983094536550975354e-02 2.000000000000000164e-05
6.491908235790259107e-01 1.984216822515899245e-02 2.000000000000000164e-05
6.482040074937929219e-01 1.984588598106557661e-02 2.000000000000000164e-05
6.472186914389834733e-01 1.985876627895154928e-02 2.000000000000000164e-05
6.462348731344450536e-01 1.986279702004137282e-02 2.000000000000000164e-05
6.452525503034908239e-01 1.986058540475723472e-02 2.000000000000000164e-05
6.442717206728951762e-01 1.986574930799496139e-02 2.000000000000000164e-05
6.432923819728876280e-01 1.987004787322344673e-02 2.000000000000000164e-05
6.423145319371478257e-01 1.987525149414839584e-02 2.000000000000000164e-05
6.413381683028005487e-01 1.988187454657863729e-02 2.000000000000000164e-05
6.403632888104103804e-01 1.988838463744376991e-02 2.000000000000000164e-05
6.393898912039762683e-01 1.989433425788781490e-02 2.000000000000000164e-05
6.384179732309265276e-01 1.990075486535772611e-02 2.000000000000000164e-05
6.374475326421132904e-01 1.990735931390305580e-02 2.000000000000000164e-05
6.364785671918080645e-01 1.991322663081859096e-02 2.000000000000000164e-05
6.355110746376954056e-01 1.991965494372991557e-02 2.000000000000000164e-05
6.345450527408689201e-01 1.992609259299216867e-02 2.000000000000000164e-05
6.335804992658250478e-01 1.993327121063872415e-02 2.000000000000000164e-05
6.326174119804587326e-01 1.994031046253063461e-02 2.000000000000000164e-05
6.316557886560575374e-01 1.994643920346671206e-02 2.000000000000000164e-05
6.306956270672970932e-01 1.995258221112997804e-02 2.000000000000000164e-05
6.297369249922355472e-01 1.995949992504935169e-02 2.000000000000000164e-05
6.287796802123085671e-01 1.996657766385220856e-02 2.000000000000000164e-05
6.278238905123243452e-01 1.997416665062898972e-02 2.000000000000000164e-05
6.268695536804579360e-01 1.998134517979275812e-02 2.000000000000000164e-05
6.259166675082469267e-01 1.998947173628943391e-02 2.000000000000000164e-05
6.249652297905857745e-01 1.999771898079969606e-02 2.000000000000000164e-05
6.240152383257209223e-01 2.000586509281979120e-02 2.000000000000000164e-05
6.230666909152454691e-01 2.001351925452986291e-02 2.000000000000000164e-05
6.221195853640942852e-01 2.002104885976621965e-02 2.000000000000000164e-05
6.211739194805391273e-01 2.002864403098354035e-02 2.000000000000000164e-05
6.202296910761830873e-01 2.003599876297417273e-02 2.000000000000000164e-05
6.192868979659558182e-01 2.004302844007689599e-02 2.000000000000000164e-05
6.183455379681084274e-01 2.005184702166279420e-02 2.000000000000000164e-05
6.174056089042085915e-01 2.006308313753658867e-02 2.000000000000000164e-05
6.164671085991353383e-01 2.007407020931075911e-02 2.000000000000000164e-05
6.155300348810736066e-01 2.008441300971650079e-02 2.000000000000000164e-05
6.145943855815102497e-01 2.009419404559620315e-02 2.000000000000000164e-05
6.136601585352280397e-01 2.010307210794130134e-02 2.000000000000000164e-05
6.127273515803012272e-01 2.011178047111040687e-02 2.000000000000000164e-05
6.117959625580902117e-01 2.011984702264164870e-02 2.000000000000000164e-05
6.108659893132366570e-01 2.012992761612496934e-02 2.000000000000000164e-05
6.099374296936586060e-01 2.014382875429244352e-02 2.000000000000000164e-05
6.090102815505454847e-01 2.015716318797500239e-02 2.000000000000000164e-05
6.080845427383528845e-01 2.016942751752228563e-02 2.000000000000000164e-05
6.071602111147980096e-01 2.018181927953691113e-02 2.000000000000000164e-05
6.062372845408542377e-01 2.019473801727389786e-02 2.000000000000000164e-05
6.053157608807463452e-01 2.020781807477048733e-02 2.000000000000000164e-05
6.043956380019462893e-01 2.021949240693937319e-02 2.000000000000000164e-05
6.034769137751668788e-01 2.023600093847490941e-02 2.000000000000000164e-05
6.025595860743577781e-01 2.025465910047887647e-02 2.000000000000000164e-05
