6.063800000000000301e-01 1.953080000000000094e-02 3.884840999999999555e-04
6.127799999999999914e-01 1.927169999999999925e-02 3.884840999999999555e-04
6.192600000000000326e-01 1.951719999999999844e-02 3.236400999999999644e-04
6.258099999999999774e-01 1.942409999999999970e-02 2.283120999999999989e-04
6.324199999999999822e-01 1.928030000000000022e-02 1.846880999999999978e-04
6.391099999999999559e-01 1.908560000000000118e-02 1.575025000000000188e-04
6.458599999999999897e-01 1.908300000000000274e-02 1.327104000000000228e-04
6.526899999999999924e-01 1.919030000000000041e-02 1.087849000000000026e-04
6.595900000000000096e-01 1.941680000000000142e-02 9.662890000000000585e-05
6.665600000000000414e-01 1.901200000000000112e-02 8.172159999999998681e-05
6.735999999999999766e-01 1.922190000000000010e-02 6.512490000000001745e-05
6.807199999999999918e-01 1.906829999999999983e-02 5.990760000000000220e-05
7.102300000000000280e-01 1.914500000000000229e-02 4.569760000000000781e-05
7.177700000000000191e-01 1.907219999999999749e-02 4.569760000000000781e-05
7.253800000000000248e-01 1.917079999999999826e-02 4.610409999999999790e-05
7.330799999999999539e-01 1.916719999999999882e-02 4.369210000000000812e-05
7.408500000000000085e-01 1.880410000000000068e-02 4.382440000000000006e-05
7.487099999999999866e-01 1.917759999999999951e-02 4.395689999999999244e-05
7.566599999999999993e-01 1.884670000000000095e-02 4.678559999999999468e-05
7.646899999999999809e-01 1.896290000000000128e-02 4.830249999999999366e-05
7.728000000000000425e-01 1.903869999999999868e-02 4.970250000000000059e-05
7.810000000000000275e-01 1.892740000000000047e-02 5.055210000000000004e-05
7.892799999999999816e-01 1.909960000000000130e-02 5.550249999999999926e-05
7.976600000000000357e-01 1.900280000000000025e-02 5.745640000000000100e-05
8.061199999999999477e-01 1.897000000000000075e-02 6.560999999999999016e-05
8.146700000000000053e-01 1.896870000000000153e-02 7.089640000000000785e-05
8.233200000000000518e-01 1.893899999999999750e-02 7.499559999999998378e-05
8.320499999999999563e-01 1.884560000000000055e-02 8.482409999999999310e-05
8.408799999999999608e-01 1.927099999999999994e-02 8.987040000000000610e-05
8.562400000000000011e-01 1.912540000000000073e-02 1.121481000000000046e-04
8.964100000000000401e-01 1.900589999999999918e-02 4.747210000000000242e-05
9.055400000000000116e-01 1.887450000000000239e-02 4.747210000000000242e-05
9.147699999999999720e-01 1.901790000000000078e-02 4.369210000000000812e-05
9.240899999999999670e-01 1.892479999999999857e-02 3.943839999999999835e-05
9.334999999999999964e-01 1.902530000000000193e-02 3.881290000000000239e-05
9.430199999999999694e-01 1.885879999999999848e-02 3.757690000000000270e-05
9.526299999999999768e-01 1.897839999999999944e-02 3.794559999999999801e-05
9.623300000000000187e-01 1.894400000000000250e-02 3.375610000000000025e-05
9.721400000000000041e-01 1.885890000000000136e-02 3.352409999999999977e-05
9.820400000000000240e-01 1.882299999999999945e-02 3.260409999999999502e-05
9.920499999999999874e-01 1.895219999999999891e-02 3.214889999999999979e-05
1.002159999999999940e+00 1.904740000000000252e-02 3.102490000000000174e-05
1.012369999999999992e+00 1.889729999999999882e-02 2.862249999999999574e-05
1.022680000000000033e+00 1.894799999999999957e-02 2.703999999999999861e-05
1.033099999999999907e+00 1.895319999999999991e-02 2.510009999999999707e-05
1.043630000000000058e+00 1.887710000000000082e-02 2.641959999999999689e-05
1.054259999999999975e+00 1.891659999999999869e-02 2.470089999999999588e-05
1.065010000000000012e+00 1.894850000000000007e-02 2.313610000000000029e-05
1.075860000000000039e+00 1.899280000000000065e-02 2.391210000000000099e-05
1.086819999999999897e+00 1.924090000000000175e-02 2.420639999999999917e-05
1.097890000000000033e+00 1.895759999999999806e-02 2.313610000000000029e-05
1.109080000000000066e+00 1.893659999999999788e-02 2.284840000000000303e-05
1.120379999999999932e+00 1.905659999999999993e-02 2.134439999999999845e-05
1.131799999999999917e+00 1.909149999999999736e-02 2.134439999999999845e-05
1.143329999999999957e+00 1.890970000000000151e-02 2.043039999999999670e-05
1.154979999999999896e+00 1.899050000000000044e-02 1.962489999999999908e-05
1.166749999999999954e+00 1.894239999999999813e-02 2.007039999999999676e-05
1.178639999999999910e+00 1.902819999999999859e-02 1.998090000000000041e-05
1.190649999999999986e+00 1.880820000000000061e-02 1.953640000000000153e-05
1.202779999999999960e+00 1.889920000000000141e-02 1.936000000000000099e-05
1.215030000000000054e+00 1.877520000000000230e-02 2.043039999999999670e-05
1.227409999999999890e+00 1.894039999999999960e-02 2.024999999999999755e-05
1.239919999999999911e+00 1.885210000000000011e-02 1.998090000000000041e-05
1.252550000000000052e+00 1.884569999999999995e-02 1.874889999999999595e-05
1.265320000000000000e+00 1.880309999999999968e-02 1.772410000000000196e-05
1.278210000000000068e+00 1.872559999999999850e-02 1.806250000000000198e-05
1.291230000000000100e+00 1.876830000000000165e-02 1.874889999999999595e-05
1.304389999999999938e+00 1.897129999999999997e-02 1.874889999999999595e-05
1.317679999999999962e+00 1.890849999999999823e-02 1.927209999999999798e-05
1.331110000000000015e+00 1.891040000000000082e-02 1.936000000000000099e-05
1.344670000000000032e+00 1.896300000000000069e-02 1.962489999999999908e-05
1.358370000000000077e+00 1.913739999999999886e-02 2.070250000000000042e-05
1.372209999999999930e+00 1.909610000000000127e-02 2.034010000000000199e-05
1.386190000000000033e+00 1.909519999999999967e-02 2.070250000000000042e-05
1.400320000000000009e+00 1.898410000000000028e-02 2.162249999999999500e-05
1.414590000000000014e+00 1.888839999999999963e-02 2.152960000000000136e-05
1.429000000000000048e+00 1.895940000000000125e-02 2.052090000000000202e-05
1.443559999999999954e+00 1.884399999999999964e-02 2.199609999999999765e-05
1.458269999999999955e+00 1.893590000000000204e-02 2.180889999999999714e-05
1.473130000000000051e+00 1.877550000000000052e-02 2.134439999999999845e-05
1.488140000000000018e+00 1.895679999999999935e-02 2.265760000000000479e-05
1.503300000000000081e+00 1.881920000000000120e-02 2.342559999999999811e-05
1.518620000000000081e+00 1.884300000000000211e-02 2.460159999999999837e-05
1.534089999999999954e+00 1.875010000000000218e-02 2.352250000000000052e-05
1.549719999999999986e+00 1.864340000000000094e-02 2.460159999999999837e-05
1.565509999999999957e+00 1.878739999999999924e-02 2.410810000000000386e-05
1.581469999999999931e+00 1.868260000000000060e-02 2.641959999999999689e-05
1.597580000000000000e+00 1.869780000000000053e-02 2.872960000000000357e-05
1.613860000000000072e+00 1.861200000000000007e-02 2.862249999999999574e-05
1.630300000000000082e+00 1.861679999999999932e-02 2.916000000000000203e-05
1.646910000000000096e+00 1.876509999999999984e-02 2.724839999999999817e-05
1.663689999999999891e+00 1.864149999999999835e-02 2.959360000000000411e-05
1.680649999999999977e+00 1.879849999999999924e-02 2.926809999999999850e-05
1.697770000000000001e+00 1.873069999999999943e-02 3.113639999999999550e-05
1.715070000000000094e+00 1.867420000000000191e-02 3.226240000000000471e-05
1.732550000000000034e+00 1.857089999999999783e-02 3.124810000000000326e-05
1.750199999999999978e+00 1.878490000000000021e-02 3.294760000000000283e-05
1.768029999999999990e+00 1.874390000000000084e-02 3.528360000000000215e-05
1.786049999999999915e+00 1.868589999999999834e-02 4.006889999999999850e-05
1.804249999999999909e+00 1.878389999999999921e-02 3.868840000000000045e-05
1.822629999999999972e+00 1.879070000000000046e-02 3.918759999999999729e-05
1.841199999999999948e+00 1.878140000000000018e-02 4.290250000000000471e-05
1.859960000000000058e+00 1.890879999999999991e-02 4.448889999999999345e-05
1.878910000000000080e+00 1.891019999999999854e-02 4.422249999999999884e-05
1.898060000000000080e+00 1.873150000000000162e-02 4.760999999999999987e-05
1.917399999999999993e+00 1.905319999999999930e-02 4.802490000000000838e-05
1.936930000000000041e+00 1.911650000000000155e-02 5.565159999999999416e-05
2.034549999999999859e+00 1.875169999999999962e-02 6.691239999999999992e-05
2.055610000000000159e+00 1.873110000000000053e-02 6.691239999999999992e-05
2.076880000000000059e+00 1.883709999999999898e-02 6.496359999999999581e-05
2.098380000000000134e+00 1.856769999999999948e-02 6.822759999999999708e-05
2.120089999999999808e+00 1.876840000000000105e-02 7.208009999999999450e-05
2.142040000000000166e+00 1.872129999999999975e-02 7.430439999999998606e-05
2.164210000000000189e+00 1.851469999999999852e-02 7.430439999999998606e-05
2.186609999999999943e+00 1.884270000000000042e-02 7.849959999999999631e-05
2.209239999999999871e+00 1.880369999999999958e-02 8.046090000000000750e-05
2.232099999999999973e+00 1.880710000000000021e-02 8.574759999999997842e-05
2.255199999999999871e+00 1.855489999999999917e-02 8.574759999999997842e-05
2.278540000000000010e+00 1.883790000000000117e-02 8.817210000000001594e-05
2.302130000000000010e+00 1.867610000000000103e-02 9.273689999999999635e-05
2.325950000000000184e+00 1.920809999999999879e-02 1.000000000000000048e-04
2.350029999999999841e+00 1.892439999999999747e-02 1.071225000000000031e-04
2.374350000000000183e+00 1.887969999999999926e-02 1.142760999999999950e-04
2.398919999999999941e+00 1.868049999999999919e-02 1.149184000000000143e-04
2.423750000000000071e+00 1.869769999999999766e-02 1.214404000000000037e-04
2.448840000000000128e+00 1.895540000000000072e-02 1.274640999999999914e-04
2.474180000000000046e+00 1.897640000000000091e-02 1.359556000000000100e-04
2.499789999999999957e+00 1.946200000000000013e-02 1.394760999999999842e-04
2.525659999999999794e+00 1.915960000000000232e-02 1.510441000000000062e-04
2.551800000000000068e+00 1.929859999999999909e-02 1.537599999999999915e-04
2.578209999999999891e+00 1.916670000000000179e-02 1.658944000000000087e-04
2.604900000000000215e+00 1.896300000000000069e-02 1.635840999999999912e-04
2.631860000000000088e+00 1.957580000000000084e-02 1.776888999999999921e-04
2.659100000000000019e+00 1.917910000000000101e-02 1.779555999999999738e-04
2.686620000000000008e+00 1.942400000000000029e-02 1.827904000000000312e-04
2.714430000000000121e+00 1.983659999999999937e-02 1.951609000000000037e-04
2.742519999999999847e+00 1.921280000000000210e-02 2.187440999999999713e-04
2.770900000000000141e+00 1.914460000000000120e-02 2.226063999999999766e-04
2.799580000000000179e+00 1.969450000000000020e-02 2.653640999999999552e-04
